          CNTN5 
"CNTN5" "0.002" 
[1] " case fit "
        logmean   dispersion dropout_rate
4849 -1.2626604 4.226993e+03 6.221410e-01
4899 -1.6094252 1.438510e+05 8.137516e-06
5144 -1.6094067 2.582481e+04 3.384905e-05
5278 -0.7675390 5.989550e+03 6.768279e-01
5294 -1.8591930 1.428020e+03 1.334984e-01
5531 -1.4268085 2.734314e+00 3.078829e-04
5565 -1.7347130 1.236695e+03 4.332809e-01
5841 -2.3025281 1.519554e+04 6.203608e-05
5864 -1.7916540 1.094922e+04 1.062979e-04
5939 -0.1344296 1.889146e+05 3.136691e-01
[1] " ctrl fit"
        logmean   dispersion dropout_rate
1823 -1.6094068 2.585793e+04 3.380558e-05
4341 -1.5547660 1.226256e-01 6.053800e-04
5242 -1.3639373 1.848762e+03 6.675161e-01
5387 -0.9356184 8.704133e-01 8.717998e-05
5391  0.6524094 3.903194e+04 5.312934e-01
5408 -0.7676154 4.679305e+03 7.606049e-01
5554 -1.7175563 3.630674e-01 9.535249e-05
5577 -0.6657990 1.324333e-01 1.373451e-04
5893  0.1407682 4.038425e+00 7.731753e-01
5936  0.7460497 2.400819e+04 8.861815e-01
5958 -1.0495499 2.797663e-01 2.925251e-04
[1] " case matrix"
             4849         4899         5144         5278         5294         5531         5565         5841         5864       5939
4849 0.0000000000 8.475402e-03 8.474940e-03 0.000000e+00 0.0000000000 0.0123995087 0.000000e+00 1.381897e-04 0.0047650586 0.03896274
4899 0.0084754021 0.000000e+00 6.478963e-12 5.393590e-03 0.0025869942 0.0007844801 7.816345e-03 6.477671e-03 0.0005423793 0.01161340
5144 0.0084749399 6.478963e-12 0.000000e+00 5.393219e-03 0.0025867363 0.0007844841 7.815901e-03 6.477265e-03 0.0005422608 0.01161394
5278 0.0000000000 5.393590e-03 5.393219e-03 0.000000e+00 0.0000000000 0.0074030600 0.000000e+00 5.075464e-05 0.0025294880 0.03222328
5294 0.0000000000 2.586994e-03 2.586736e-03 0.000000e+00 0.0000000000 0.0063102345 0.000000e+00 8.905983e-04 0.0007631096 0.02485159
5531 0.0123995087 7.844801e-04 7.844841e-04 7.403060e-03 0.0063102345 0.0000000000 1.301249e-02 1.298174e-02 0.0027861779 0.02405427
5565 0.0000000000 7.816345e-03 7.815901e-03 0.000000e+00 0.0000000000 0.0130124943 0.000000e+00 6.466509e-05 0.0042708870 0.03759506
5841 0.0001381897 6.477671e-03 6.477265e-03 5.075464e-05 0.0008905983 0.0129817415 6.466509e-05 0.000000e+00 0.0032919754 0.03470341
5864 0.0047650586 5.423793e-04 5.422608e-04 2.529488e-03 0.0007631096 0.0027861779 4.270887e-03 3.291975e-03 0.0000000000 0.01708297
5939 0.0389627378 1.161340e-02 1.161394e-02 3.222328e-02 0.0248515915 0.0240542691 3.759506e-02 3.470341e-02 0.0170829724 0.00000000
[1] " ctrl matrix"
            1823         4341        5242        5387       5391         5408        5554        5577        5893        5936        5958
1823 0.000000000 0.0111558504 0.012558147 0.008121820 0.03265122 0.0111465319 0.004019752 0.021999523 0.008992002 0.027909656 0.009496809
4341 0.011155850 0.0000000000 0.002225639 0.023860328 0.03876560 0.0004695142 0.001880459 0.004716656 0.001294238 0.004417313 0.007215192
5242 0.012558147 0.0022256390 0.000000000 0.033383077 0.05463137 0.0000000000 0.004508616 0.021624209 0.000000000 0.000000000 0.018785497
5387 0.008121820 0.0238603278 0.033383077 0.000000000 0.01187568 0.0271669817 0.014062319 0.015960911 0.018162779 0.042758703 0.005432084
5391 0.032651224 0.0387655964 0.054631374 0.011875682 0.00000000 0.0454566063 0.032077477 0.036067609 0.027339807 0.051455904 0.028772349
5408 0.011146532 0.0004695142 0.000000000 0.027166982 0.04545661 0.0000000000 0.002316865 0.015680381 0.000000000 0.000000000 0.012598696
5554 0.004019752 0.0018804595 0.004508616 0.014062319 0.03207748 0.0023168654 0.000000000 0.009045742 0.002522325 0.011741027 0.004404990
5577 0.021999523 0.0047166560 0.021624209 0.015960911 0.03606761 0.0156803811 0.009045742 0.000000000 0.001989410 0.008993676 0.002723762
5893 0.008992002 0.0012942380 0.000000000 0.018162779 0.02733981 0.0000000000 0.002522325 0.001989410 0.000000000 0.000000000 0.003798273
5936 0.027909656 0.0044173134 0.000000000 0.042758703 0.05145590 0.0000000000 0.011741027 0.008993676 0.000000000 0.000000000 0.018329172
5958 0.009496809 0.0072151917 0.018785497 0.005432084 0.02877235 0.0125986958 0.004404990 0.002723762 0.003798273 0.018329172 0.000000000
                     _ENSG00000258399 
"_ENSG00000258399"            "0.002" 
[1] " case fit "
        logmean dispersion dropout_rate
4849 -0.9771995  4237.6374 8.350820e-01
4899 -2.5902145 17948.7480 5.279155e-05
5144  0.0000000         NA 1.000000e+00
5278 -3.5060612  1956.4427 5.009778e-04
5294 -1.7348778   868.6359 6.599074e-01
5531 -3.0646548 13644.6550 7.017569e-05
5565 -1.2266988  2424.5265 5.737492e-01
5841 -1.9698571   893.1289 4.025290e-01
5864 -2.5538023  9890.7283 9.646590e-05
5939  0.7056384  2266.5190 6.543360e-01
[1] " ctrl fit"
        logmean   dispersion dropout_rate
1823 -2.9956173 8357.3775731 0.0001147916
4341 -1.2979051 1363.5981405 0.8372615788
5242 -0.9121046 5483.5661458 0.7883884712
5387 -1.8177871    0.5049649 0.0052260384
5391  0.0000000           NA 1.0000000000
5408 -3.8055244  872.0719160 0.0011289417
5554 -1.9953662    0.7576482 0.0004896953
5577 -0.5496887    0.4369823 0.6415079314
5893 -1.6079136    0.1605385 0.3620810303
5936 -3.9117849 4135.3080810 0.0002382593
5958 -2.2526546    0.4272089 0.0011750127
[1] " case matrix"
             4849         4899 5144         5278         5294         5531         5565         5841         5864         5939
4849 0.000000e+00 1.699898e-03   NA 0.0006955541 0.000000e+00 7.596513e-06 0.0000000000 0.000000e+00 1.980884e-03 0.0095525580
4899 1.699898e-03 0.000000e+00   NA 0.0045191356 8.220905e-04 1.481763e-03 0.0010295000 1.806237e-05 1.089448e-05 0.0032754986
5144           NA           NA   NA           NA           NA           NA           NA           NA           NA           NA
5278 6.955541e-04 4.519136e-03   NA 0.0000000000 1.514747e-03 8.477622e-04 0.0097031576 5.096221e-03 4.964399e-03 0.0150878267
5294 0.000000e+00 8.220905e-04   NA 0.0015147472 0.000000e+00 9.739498e-05 0.0000000000 0.000000e+00 1.021548e-03 0.0073071259
5531 7.596513e-06 1.481763e-03   NA 0.0008477622 9.739498e-05 0.000000e+00 0.0049396691 1.824747e-03 1.745073e-03 0.0090390009
5565 0.000000e+00 1.029500e-03   NA 0.0097031576 0.000000e+00 4.939669e-03 0.0000000000 0.000000e+00 8.291031e-04 0.0006380943
5841 0.000000e+00 1.806237e-05   NA 0.0050962214 0.000000e+00 1.824747e-03 0.0000000000 0.000000e+00 9.012643e-07 0.0028107799
5864 1.980884e-03 1.089448e-05   NA 0.0049643988 1.021548e-03 1.745073e-03 0.0008291031 9.012643e-07 0.000000e+00 0.0029115615
5939 9.552558e-03 3.275499e-03   NA 0.0150878267 7.307126e-03 9.039001e-03 0.0006380943 2.810780e-03 2.911561e-03 0.0000000000
[1] " ctrl matrix"
             1823         4341         5242         5387 5391        5408         5554         5577         5893        5936         5958
1823 0.000000e+00 0.0005959265 0.0002518755 6.660380e-03   NA 0.002560427 5.680308e-03 0.0007031173 3.696808e-05 0.003110187 0.0019442904
4341 5.959265e-04 0.0000000000 0.0000000000 1.106792e-02   NA 0.000000000 9.810719e-03 0.0000000000 0.000000e+00 0.000000000 0.0046471082
5242 2.518755e-04 0.0000000000 0.0000000000 4.359732e-03   NA 0.000000000 3.569282e-03 0.0000000000 0.000000e+00 0.000000000 0.0008009308
5387 6.660380e-03 0.0110679171 0.0043597316 0.000000e+00   NA 0.016873234 4.031876e-05 0.0030784075 5.724727e-03 0.018139115 0.0014388252
5391           NA           NA           NA           NA   NA          NA           NA           NA           NA          NA           NA
5408 2.560427e-03 0.0000000000 0.0000000000 1.687323e-02   NA 0.000000000 1.534476e-02 0.0000000000 0.000000e+00 0.000000000 0.0087663842
5554 5.680308e-03 0.0098107195 0.0035692821 4.031876e-05   NA 0.015344756 0.000000e+00 0.0024183896 4.816542e-03 0.016561005 0.0009985734
5577 7.031173e-04 0.0000000000 0.0000000000 3.078408e-03   NA 0.000000000 2.418390e-03 0.0000000000 0.000000e+00 0.000000000 0.0003116969
5893 3.696808e-05 0.0000000000 0.0000000000 5.724727e-03   NA 0.000000000 4.816542e-03 0.0000000000 0.000000e+00 0.000000000 0.0014482061
5936 3.110187e-03 0.0000000000 0.0000000000 1.813912e-02   NA 0.000000000 1.656101e-02 0.0000000000 0.000000e+00 0.000000000 0.0097217614
5958 1.944290e-03 0.0046471082 0.0008009308 1.438825e-03   NA 0.008766384 9.985734e-04 0.0003116969 1.448206e-03 0.009721761 0.0000000000
           AMD1 
 "AMD1" "0.002" 
[1] " case fit "
        logmean   dispersion dropout_rate
4849 -1.2388385     6.915907 2.278716e-04
4899 -1.3277356     4.176846 1.595811e-04
5144 -1.8970354 10325.892780 8.796770e-05
5278 -1.2378141 24388.056568 5.889421e-05
5294 -1.1238721 37614.670021 6.054625e-05
5531 -1.2037907 22877.742436 1.827929e-04
5565 -1.0499766  5983.264480 2.379767e-01
5841 -0.7335796  9772.915920 6.066321e-01
5864 -1.5033773  3716.423944 7.039818e-04
5939  0.0000000           NA 1.000000e+00
[1] " ctrl fit"
        logmean   dispersion dropout_rate
1823 -1.8970354 1.032589e+04 8.796770e-05
4341 -1.4791390 3.859758e+00 2.469762e-04
5242 -1.0355568 1.036245e+01 9.488404e-05
5387 -0.9044231 1.136718e+03 1.448478e-01
5391 -1.6093566 1.070845e+04 8.137477e-05
5408 -0.5387332 6.549686e+03 3.715999e-01
5554 -1.2697208 3.006654e+00 5.007457e-04
5577 -1.0452111 7.419337e-01 5.100508e-04
5893 -0.8491166 2.805208e+00 3.320047e-05
5936 -0.9675422 5.003428e+04 4.319548e-05
5958 -0.9497565 7.613228e+03 4.700593e-01
[1] " case matrix"
             4849         4899         5144         5278         5294         5531         5565         5841         5864 5939
4849 0.000000e+00 2.902253e-04 0.0100519751 5.138899e-05 0.0006082135 1.217241e-04 3.699857e-04 0.0082642685 0.0018806672   NA
4899 2.902253e-04 0.000000e+00 0.0070268065 4.763430e-04 0.0017365760 7.531053e-04 5.456179e-05 0.0056398029 0.0007752097   NA
5144 1.005198e-02 7.026807e-03 0.0000000000 1.066011e-02 0.0153719966 1.195249e-02 3.863779e-03 0.0001042135 0.0025117925   NA
5278 5.138899e-05 4.763430e-04 0.0106601057 0.000000e+00 0.0004511106 3.860826e-05 6.497395e-04 0.0093335973 0.0020896905   NA
5294 6.082135e-04 1.736576e-03 0.0153719966 4.511106e-04 0.0000000000 2.258709e-04 1.869142e-03 0.0131218203 0.0044672100   NA
5531 1.217241e-04 7.531053e-04 0.0119524857 3.860826e-05 0.0002258709 0.000000e+00 9.154176e-04 0.0103573820 0.0026935616   NA
5565 3.699857e-04 5.456179e-05 0.0038637793 6.497395e-04 0.0018691423 9.154176e-04 0.000000e+00 0.0052272281 0.0001461670   NA
5841 8.264268e-03 5.639803e-03 0.0001042135 9.333597e-03 0.0131218203 1.035738e-02 5.227228e-03 0.0000000000 0.0036335554   NA
5864 1.880667e-03 7.752097e-04 0.0025117925 2.089691e-03 0.0044672100 2.693562e-03 1.461670e-04 0.0036335554 0.0000000000   NA
5939           NA           NA           NA           NA           NA           NA           NA           NA           NA   NA
[1] " ctrl matrix"
             1823         4341         5242         5387         5391         5408        5554        5577         5893         5936         5958
1823 0.0000000000 0.0035465827 1.897882e-02 1.072939e-02 0.0013000489 0.0071069891 0.008432960 0.011440086 0.0265811574 0.0236451281 0.0001847784
4341 0.0035465827 0.0000000000 6.331130e-03 5.365116e-03 0.0004090675 0.0058632092 0.001073583 0.002935446 0.0111527535 0.0092119374 0.0010750323
5242 0.0189788153 0.0063311299 0.000000e+00 8.887494e-05 0.0095263544 0.0013224117 0.002262166 0.002799195 0.0009178999 0.0002806661 0.0108227070
5387 0.0107293870 0.0053651160 8.887494e-05 0.000000e+00 0.0046012070 0.0003788562 0.001658854 0.001893251 0.0011113471 0.0006286997 0.0081271280
5391 0.0013000489 0.0004090675 9.526354e-03 4.601207e-03 0.0000000000 0.0023457055 0.002721415 0.005397116 0.0154422878 0.0129101694 0.0005053221
5408 0.0071069891 0.0058632092 1.322412e-03 3.788562e-04 0.0023457055 0.0000000000 0.002204324 0.000781351 0.0016048973 0.0021721722 0.0050151202
5554 0.0084329600 0.0010735827 2.262166e-03 1.658854e-03 0.0027214151 0.0022043240 0.000000000 0.001037666 0.0053672331 0.0041261915 0.0033086126
5577 0.0114400863 0.0029354455 2.799195e-03 1.893251e-03 0.0053971161 0.0007813510 0.001037666 0.000000000 0.0044335196 0.0045707503 0.0040230769
5893 0.0265811574 0.0111527535 9.178999e-04 1.111347e-03 0.0154422878 0.0016048973 0.005367233 0.004433520 0.0000000000 0.0004769845 0.0158984649
5936 0.0236451281 0.0092119374 2.806661e-04 6.286997e-04 0.0129101694 0.0021721722 0.004126191 0.004570750 0.0004769845 0.0000000000 0.0145421927
5958 0.0001847784 0.0010750323 1.082271e-02 8.127128e-03 0.0005053221 0.0050151202 0.003308613 0.004023077 0.0158984649 0.0145421927 0.0000000000
              ANKRD30BL 
"ANKRD30BL"     "0.004" 
[1] " case fit "
        logmean   dispersion dropout_rate
4849 -1.8199005 6.646384e+02 7.233570e-01
4899 -2.2529832 1.731526e+03 8.131734e-04
5144  0.0000000           NA 1.000000e+00
5278 -2.4078731 1.546213e+04 6.099198e-05
5294 -0.7675683 5.449861e+03 8.384122e-01
5531 -2.6126554 1.110539e+04 8.619099e-05
5565 -2.0148747 2.504007e+04 3.653679e-05
5841 -1.9346369 5.483174e-01 2.270403e-04
5864 -2.3025150 1.643759e+04 5.708850e-05
5939 -0.3441095 1.167363e+00 2.946437e-01
[1] " ctrl fit"
        logmean   dispersion dropout_rate
1823 -1.8970354 1.032589e+04 8.796770e-05
4341 -2.6279633 2.253569e+04 4.420000e-05
5242 -2.6591966 1.528581e+04 6.349718e-05
5387 -1.5203532 1.009384e+00 1.486765e-02
5391 -2.3025267 1.589173e+04 5.895338e-05
5408 -0.5012314 6.130772e+03 9.266327e-01
5554 -2.3150941 1.305106e+00 3.949965e-04
5577 -2.2683725 4.347560e-01 3.186270e-04
5893 -0.2979422 9.753343e-01 8.428401e-01
5936 -3.2183583 1.913602e+03 5.052351e-04
5958 -1.0382926 3.950131e+03 7.316857e-01
[1] " case matrix"
            4849         4899 5144         5278         5294         5531         5565         5841         5864        5939
4849 0.000000000 6.676381e-03   NA 0.0044248799 0.0000000000 0.0022719601 0.0114578544 8.188354e-03 5.900832e-03 0.034874531
4899 0.006676381 0.000000e+00   NA 0.0002393017 0.0042843156 0.0011919972 0.0006751617 8.068842e-05 2.492658e-05 0.011806255
5144          NA           NA   NA           NA           NA           NA           NA           NA           NA          NA
5278 0.004424880 2.393017e-04   NA 0.0000000000 0.0025145289 0.0003642298 0.0017151610 5.974948e-04 1.098054e-04 0.015313569
5294 0.000000000 4.284316e-03   NA 0.0025145289 0.0000000000 0.0009713809 0.0082841550 5.522168e-03 3.662910e-03 0.029435444
5531 0.002271960 1.191997e-03   NA 0.0003642298 0.0009713809 0.0000000000 0.0036451989 1.889885e-03 8.730006e-04 0.020209848
5565 0.011457854 6.751617e-04   NA 0.0017151610 0.0082841550 0.0036451989 0.0000000000 2.893327e-04 9.589841e-04 0.006898028
5841 0.008188354 8.068842e-05   NA 0.0005974948 0.0055221679 0.0018898845 0.0002893327 0.000000e+00 1.952681e-04 0.009967982
5864 0.005900832 2.492658e-05   NA 0.0001098054 0.0036629096 0.0008730006 0.0009589841 1.952681e-04 0.000000e+00 0.012891429
5939 0.034874531 1.180626e-02   NA 0.0153135693 0.0294354439 0.0202098481 0.0068980285 9.967982e-03 1.289143e-02 0.000000000
[1] " ctrl matrix"
             1823         4341         5242         5387         5391         5408         5554         5577         5893         5936         5958
1823 0.0000000000 5.669406e-03 6.084478e-03 0.0003971286 1.993422e-03 0.0214147273 2.827805e-03 3.859619e-03 1.405010e-02 1.438269e-02 5.625117e-03
4341 0.0056694060 0.000000e+00 7.567878e-06 0.0090139000 9.546861e-04 0.0054480330 4.990675e-04 1.776492e-04 1.976695e-03 2.108268e-03 8.950346e-08
5242 0.0060844784 7.567878e-06 0.000000e+00 0.0095313221 1.131650e-03 0.0050591262 6.292977e-04 2.584865e-04 1.741421e-03 1.865184e-03 9.303354e-06
5387 0.0003971286 9.013900e-03 9.531322e-03 0.0000000000 4.156568e-03 0.0272564972 5.323336e-03 6.701138e-03 1.897040e-02 1.935127e-02 8.958448e-03
5391 0.0019934223 9.546861e-04 1.131650e-03 0.0041565680 0.000000e+00 0.0107635529 7.353403e-05 3.094424e-04 5.622409e-03 5.839520e-03 9.363418e-04
5408 0.0214147273 5.448033e-03 5.059126e-03 0.0272564972 1.076355e-02 0.0000000000 9.117905e-03 7.528332e-03 0.000000e+00 8.091477e-04 0.000000e+00
5554 0.0028278053 4.990675e-04 6.292977e-04 0.0053233358 7.353403e-05 0.0091179051 0.000000e+00 8.135174e-05 4.429005e-03 4.622839e-03 4.858110e-04
5577 0.0038596191 1.776492e-04 2.584865e-04 0.0067011383 3.094424e-04 0.0075283321 8.135174e-05 0.000000e+00 3.324110e-03 3.493085e-03 1.697682e-04
5893 0.0140501045 1.976695e-03 1.741421e-03 0.0189704043 5.622409e-03 0.0000000000 4.429005e-03 3.324110e-03 0.000000e+00 2.163473e-06 0.000000e+00
5936 0.0143826867 2.108268e-03 1.865184e-03 0.0193512690 5.839520e-03 0.0008091477 4.622839e-03 3.493085e-03 2.163473e-06 0.000000e+00 2.135588e-03
5958 0.0056251165 8.950346e-08 9.303354e-06 0.0089584480 9.363418e-04 0.0000000000 4.858110e-04 1.697682e-04 0.000000e+00 2.135588e-03 0.000000e+00
          MCF2L 
"MCF2L" "0.004" 
[1] " case fit "
       logmean dispersion dropout_rate
4849 -2.143503  57155.351 1.662397e-05
4899 -1.689365   1156.152 3.771494e-01
5144 -2.302381   4715.922 1.981803e-04
5278 -1.896504   2554.881 6.158064e-04
5294 -1.801762  24337.825 4.371670e-05
5531 -1.250809   3095.583 4.643791e-01
5565 -1.791705  16125.334 6.055832e-05
5841 -1.484544   1644.055 5.341842e-01
5864 -2.890231   5350.834 1.405334e-04
5939  0.000000         NA 1.000000e+00
[1] " ctrl fit"
        logmean   dispersion dropout_rate
1823 -1.8970354 1.032589e+04 0.0000879677
4341 -1.6412514 2.413294e+03 0.0537129749
5242 -1.5596533 1.717732e+00 0.0009946697
5387 -2.0337243 2.459487e+03 0.0006056547
5391  0.4660128 2.680539e+04 0.8744963267
5408 -1.7369239 2.900523e+02 0.2426631316
5554 -2.2024743 4.979196e-01 0.0023578001
5577 -1.7768701 1.500004e+00 0.0011952814
5893 -1.9346622 2.435106e+00 0.0001811495
5936 -1.9635818 1.909191e-01 0.0025214451
5958 -1.7778560 1.118700e+03 0.2603582608
[1] " case matrix"
             4849         4899         5144         5278         5294         5531         5565         5841        5864 5939
4849 0.000000e+00 9.813891e-05 2.788356e-04 0.0007828939 1.562071e-03 0.0001930535 1.661271e-03 0.0005779400 0.004795816   NA
4899 9.813891e-05 0.000000e+00 4.616521e-05 0.0014337776 2.439498e-03 0.0000000000 2.562879e-03 0.0000000000 0.003535289   NA
5144 2.788356e-04 4.616521e-05 0.000000e+00 0.0019922883 3.152444e-03 0.0009349702 3.292296e-03 0.0000540113 0.002780062   NA
5278 7.828939e-04 1.433778e-03 1.992288e-03 0.0000000000 1.337627e-04 0.0001987073 1.639518e-04 0.0026983937 0.009365242   NA
5294 1.562071e-03 2.439498e-03 3.152444e-03 0.0001337627 0.000000e+00 0.0006581668 1.535317e-06 0.0040245306 0.011681038   NA
5531 1.930535e-04 0.000000e+00 9.349702e-04 0.0001987073 6.581668e-04 0.0000000000 7.232025e-04 0.0000000000 0.006879398   NA
5565 1.661271e-03 2.562879e-03 3.292296e-03 0.0001639518 1.535317e-06 0.0007232025 0.000000e+00 0.0041820726 0.011943772   NA
5841 5.779400e-04 0.000000e+00 5.401130e-05 0.0026983937 4.024531e-03 0.0000000000 4.182073e-03 0.0000000000 0.002064008   NA
5864 4.795816e-03 3.535289e-03 2.780062e-03 0.0093652416 1.168104e-02 0.0068793976 1.194377e-02 0.0020640076 0.000000000   NA
5939           NA           NA           NA           NA           NA           NA           NA           NA          NA   NA
[1] " ctrl matrix"
             1823         4341         5242         5387        5391         5408         5554         5577         5893         5936         5958
1823 0.000000e+00 0.0005433637 0.0021221477 2.538980e-04 0.012511905 3.583574e-04 0.0030069728 2.057124e-06 1.243966e-04 0.0042761629 0.0006831956
4341 5.433637e-04 0.0000000000 0.0004731367 1.538209e-03 0.018064835 1.781611e-03 0.0060779751 4.786059e-04 1.186714e-03 0.0078225908 0.0024400176
5242 2.122148e-03 0.0004731367 0.0000000000 3.896109e-03 0.019079329 3.443226e-03 0.0076516981 9.258163e-04 2.441698e-03 0.0084870106 0.0044060811
5387 2.538980e-04 0.0015382092 0.0038961087 0.000000e+00 0.009282322 8.987090e-06 0.0015188467 3.016385e-04 2.287148e-05 0.0024570616 0.0001042843
5391 1.251190e-02 0.0180648353 0.0190793287 9.282322e-03 0.000000000 0.000000e+00 0.0033660629 1.282525e-02 1.020271e-02 0.0022537296 0.0000000000
5408 3.583574e-04 0.0017816113 0.0034432255 8.987090e-06 0.000000000 0.000000e+00 0.0012948320 4.146766e-04 6.052910e-05 0.0021703122 0.0000000000
5554 3.006973e-03 0.0060779751 0.0076516981 1.518847e-03 0.003366063 1.294832e-03 0.0000000000 3.165346e-03 1.912951e-03 0.0001133935 0.0008286425
5577 2.057124e-06 0.0004786059 0.0009258163 3.016385e-04 0.012825252 4.146766e-04 0.0031653461 0.000000e+00 1.584386e-04 0.0044640982 0.0007601267
5893 1.243966e-04 0.0011867139 0.0024416977 2.287148e-05 0.010202713 6.052910e-05 0.0019129514 1.584386e-04 0.000000e+00 0.0029509506 0.0002247881
5936 4.276163e-03 0.0078225908 0.0084870106 2.457062e-03 0.002253730 2.170312e-03 0.0001133935 4.464098e-03 2.950951e-03 0.0000000000 0.0015526005
5958 6.831956e-04 0.0024400176 0.0044060811 1.042843e-04 0.000000000 0.000000e+00 0.0008286425 7.601267e-04 2.247881e-04 0.0015526005 0.0000000000
