rowname	Astro	Exc	Inh	Micro	Oligo	OPC
ENSG00000179399	6668.18036404581	224.023480255731	341.09668055009	305.633399928698	166.335371027975	662.874339764309
ENSG00000234377	908.209568484583	13.1804552455685	9.77121729352815	37.1884728503423	14.3103108722241	9.99963324383676
ENSG00000080573	1193.27480813845	29.0455852351946	19.1930726279581	12.1069139390559	19.6160050786511	126.0318854699
ENSG00000164199	576.323626685516	15.3932885985703	8.6168311938788	24.3436607353671	11.6448900313708	7.08013280094933
ENSG00000130203	2463.43766892088	44.643095695806	48.179780672647	298.390393751263	58.4182716285706	454.183967849385
ENSG00000197360	1612.73540585298	37.223849464019	15.4547682965934	49.663730834778	32.1866993086344	66.7705683783995
ENSG00000172987	1489.31577739408	35.715765317008	124.487979553653	55.454649913115	27.4539767980442	29.1124165892197
ENSG00000171885	634.48799025986	15.4949383963532	8.80416175594408	27.2632757593419	10.6750986770807	11.5198920332012
ENSG00000231373	3529.28811678874	45.8053733989526	32.5171891630695	0	105.780523254709	98.5855223171888
ENSG00000149090	976.013120794429	43.2884148162022	24.717974715012	21.1549751717906	19.9943101209393	75.5741299123483
ENSG00000164188	781.223050356155	15.4024977178066	15.1238901171837	72.9006860737085	10.4991998636848	18.6688705265972
ENSG00000152661	834.348532896427	13.9005132885617	12.7974883344139	26.9086826106774	12.3528514036616	31.0092582717879
ENSG00000148672	990.215201423301	90.5261122261012	104.582883671809	69.6689421045415	123.540696946747	112.399969582257
ENSG00000135821	582.786167924015	16.7366674589509	34.8501318753889	54.2880884113998	168.344286277562	43.7926807971616
ENSG00000080493	527.570829951676	36.6553102457227	51.1907091978789	29.3224503367877	23.2267013848398	48.8090151029963
ENSG00000138696	482.499916046371	15.2912005186766	8.59005547750025	12.9470324918611	7.69163697237981	9.946674838553
ENSG00000111907	507.195822195843	17.2775667618993	29.3771519815685	10.7599300972518	9.29790892470623	12.3996204570665
ENSG00000135540	390.604822085894	7.55556741526762	6.20300082072779	46.7461784055756	9.08875650023302	49.5601807468861
ENSG00000068078	552.314515167757	12.7335545701329	10.4223863567211	33.8111994574378	12.3259444407122	64.9393996493034
ENSG00000008394	524.422223326111	156.648991406201	25.6036620742586	21.9681906152224	10.6780672807173	62.0239348279512
ENSG00000198838	391.97285038262	58.9647073502914	23.0139932781982	50.9042413657825	18.4197880005397	12.5144460607343
ENSG00000182902	478.080988520264	12.3460067079164	9.51354580799442	0	21.8771623820644	43.0386179367383
ENSG00000139155	459.024803003506	5.80869072111443	6.12124744307305	16.8151582486887	6.81111287453162	7.10511859455156
ENSG00000251372	1490.31317239609	19.5683599338828	16.7050817317413	0	37.5973430674145	16.2771807802454
ENSG00000183579	424.672312017659	36.7724464888423	18.3860160435735	23.4562770059206	17.1020710179112	37.8430437198587
ENSG00000158467	666.716574675489	109.065584933328	103.689609341768	71.497523262141	90.0997608599458	134.117378194935
ENSG00000224731	3475.87996489225	700.595602571111	470.94113392675	0	40.8666772471897	665.297468398919
ENSG00000107249	323.219377543746	49.0663036064945	22.4179339399061	56.5645745552014	11.8378296784557	14.6664830652843
ENSG00000144040	355.450498558819	51.6023753104488	42.3694825082777	36.8547258449658	33.0413001572841	23.5006005286307
ENSG00000165795	412.234847952671	15.3794959745261	20.0828177166714	21.648124261888	121.88554149036	77.3358579738811
ENSG00000111783	368.472265137578	68.8942505412151	52.4887951125789	12.0480125443944	11.0616569992393	62.477963758129
ENSG00000164089	619.509878932431	7.02353895931983	8.13265789320258	0	11.9690878446006	6.38475372009626
ENSG00000141469	377.354258231946	3.39853841386212	1.88137866883215	12.8170748256944	3.80721554028085	2.4617084214612
ENSG00000256661	3617.52074108781	560.76950253006	899.144497559762	904.000764254726	180.64517951302	1250.11217749672
ENSG00000120885	1154.04569214001	184.823500584711	185.37444693569	259.394657022547	212.474601564213	320.275111979587
ENSG00000154310	981.276830545622	163.251991352666	240.054152544918	201.355749250401	155.094865920169	240.143050280284
ENSG00000115738	1788.81477982742	224.499751622416	149.279453773007	296.495851568715	67.054711238246	143.78967278176
ENSG00000116117	288.575457341154	12.9554707710982	26.6210986170869	86.5862415695337	74.8212098935255	77.4058628622727
ENSG00000154930	278.297790182823	5.77129338747278	6.29389678859516	37.6120902490518	34.7867539149361	32.1466093125316
ENSG00000117525	605.210100488956	8.64811405773642	18.1916949256298	0	15.3516561485095	45.8591875895609
ENSG00000156049	669.107063158773	44.5773813267807	26.8039970548478	30.0336894849788	50.2835852346899	33.4567977921251
ENSG00000104447	341.049512791298	43.2356749803611	70.7259179209438	73.8093109543237	83.3130996047296	94.1297536347284
ENSG00000178075	248.923617964776	30.8356565377378	6.38622841472883	0	8.19007122716907	73.9195529235613
ENSG00000100033	204.830701785496	5.06614230284614	4.64736546654637	0	5.02917176697412	8.22708788948137
ENSG00000168209	998.327517350783	30.538857039673	40.1021439748396	39.7092658350958	54.6874777156271	99.1477588134481
ENSG00000167614	388.177111244278	64.088675080572	18.8726449864613	0	157.673215694802	114.587720627364
ENSG00000147509	524.168360572612	26.6403617520933	21.9469658809671	0	17.2838390613114	14.7517414428916
ENSG00000151012	196.052966595212	5.06618411974094	4.57688616322484	16.9459137560658	9.38090445052131	5.20754061842999
ENSG00000148660	468.2297224194	127.077194260899	148.760467050029	60.2667176169817	38.732930382071	84.2668208534828
ENSG00000125246	292.261412850654	27.9766433259794	29.4123812584248	33.9234823946149	15.8784599017723	20.8496177935896
ENSG00000158966	267.508871699379	30.4641620720091	9.37723012555872	0	7.65163318670786	58.8749092051429
ENSG00000103740	260.703529362171	4.3427744689233	3.14831689523006	9.92972892935932	83.3918563413492	6.86574367227848
ENSG00000134508	344.790691697803	24.5084548315285	31.1519663934396	61.4079268775377	7.95960530693686	111.809952995825
ENSG00000134769	924.834775419648	150.249012314884	245.040574235368	219.925340273336	107.073670273585	201.75767850138
ENSG00000144749	277.58859140677	11.847186393418	14.4657686189104	46.4855910629279	44.2489875654298	29.4632050934476
ENSG00000138771	164.539798969401	46.0948099362079	15.2053941900192	49.6826014673621	9.55905711428299	4.77113850451756
ENSG00000113721	223.130744990683	13.5236174406454	2.89092799146069	0	2.78285065743789	22.4320722336295
ENSG00000134982	285.575018469923	53.5682465231846	83.2368382860401	91.9697240547251	55.7022009166679	81.00271349471
ENSG00000111666	460.038755207023	137.146081815094	153.761957595734	136.112040454076	34.5501755007886	117.117623202299
ENSG00000179796	484.383368695683	40.4338402791578	43.1272038567692	74.9510875163196	14.1677811061795	73.8967088311355
ENSG00000083067	295.772686836893	78.041281375528	57.66500451826	57.4579834893924	13.742631119284	39.5707018552069
ENSG00000134490	601.559049111384	146.245677726549	68.0054951577949	78.6844493439507	25.9223637304531	190.417626112056
ENSG00000236790	305.681368752985	33.2388027396625	22.5903073031648	18.4974352848862	8.99103899598651	15.631904196252
ENSG00000119938	692.112861688352	11.2873335593269	15.3985626274228	0	6.12028684605298	13.6810128246912
ENSG00000106571	171.991256088395	3.27981176508448	3.79124986968541	17.6905875286562	3.58285621498254	3.73751232487505
ENSG00000114790	251.285823853629	21.9405619590248	11.0144249914498	0	8.44285152091695	36.0298317507709
ENSG00000131095	460.467191297667	12.6957352512215	13.3241425982785	80.5668771823469	25.3821952011793	37.1377393512007
ENSG00000148700	453.452147092906	76.524558371619	144.58624885226	49.9750307834442	212.211826842692	196.768068706529
ENSG00000168710	355.404538794679	57.7791279096077	67.1926462038822	63.9324616378855	53.519122011966	77.9727485896754
ENSG00000121742	451.883921284443	5.77078875055523	5.7733173011906	0	7.86738171603652	5.59566948136778
ENSG00000140022	215.959895594522	4.35858380549801	7.69160588461242	48.9717867197766	13.8854867410676	11.7571931799525
ENSG00000184232	371.523707574917	7.23049304861759	6.19423786009353	0	25.0141122696904	10.872442181839
ENSG00000168309	253.589171800679	13.8071191038844	12.9853526518792	15.3583290901385	7.05048105862059	11.2092165010147
ENSG00000185532	663.503581783636	218.783410132081	392.184587571686	174.200200561955	49.6868234156479	33.4577200005044
ENSG00000163288	1786.07119887676	699.885964514218	665.033854115236	598.598213069562	153.913797810594	420.88879419711
ENSG00000121310	154.642940794555	27.0810170187653	25.7079697315374	49.4341240598333	6.67456100908992	48.2865851253391
ENSG00000182985	794.490440092167	203.160342964287	190.545731023229	74.1777880445014	280.632440815003	329.959111422057
ENSG00000162390	175.417285720968	17.782347605765	8.44903893327394	8.36626423921245	10.3923859830077	29.5663076650649
ENSG00000078114	454.625871107089	139.929057751906	143.203037496209	65.8369972150944	31.1932408283442	158.63686095962
ENSG00000134533	386.688496268724	49.8007547030355	111.040028073705	98.2940450909637	13.2715935250676	38.51279757792
ENSG00000170370	297.437145122571	3.30820814332872	2.05934255664786	0	2.70607059638043	10.585799009663
ENSG00000116641	189.646303819325	42.6093145777723	49.1972664912935	37.3397007624176	18.5530158607364	34.7107411189552
ENSG00000111058	114.98061722718	5.52359028970703	5.40186821393828	5.7144024256085	3.85777318255409	8.78028271882337
ENSG00000148482	350.041065306929	8.57775958640222	8.37304628534497	0	7.0730787543213	8.94350592321176
ENSG00000153902	367.404960051379	111.933132013682	22.5514368366895	54.0964270224805	76.4491813110491	19.3946990761971
ENSG00000135744	475.306538330505	9.60908115478747	10.6814350068296	0	26.0076889683119	36.9958994475241
ENSG00000232928	772.339142078387	651.289916260971	513.537725314725	167.634193002312	297.63515398184	321.966213235623
ENSG00000114315	786.830276905753	29.6422637213777	8.37718979881779	0	12.8426803376232	132.448031220716
ENSG00000115380	279.496250202825	4.72837630911218	4.84428890155429	20.6263677659332	2.78495781341273	8.7155164991218
ENSG00000111879	248.918961722549	57.7645361929663	51.6717620807882	41.9569601276484	26.6254978445302	56.0062521483222
ENSG00000113594	170.94192841576	14.2332632695083	21.6779478434456	27.5528216751946	94.1201187712586	47.8919314571448
ENSG00000151834	215.682718389087	76.9091253059412	42.1507546397739	61.6508819612443	13.6884528314979	12.1040944372319
ENSG00000168003	255.91919644006	30.2108481018638	55.41452989339	47.3474328439323	27.7022087944449	56.381395104558
ENSG00000245526	486.938959201382	197.635625182572	195.459093210701	158.837063340383	70.4145954900557	193.719467220122
ENSG00000174306	245.810310145731	52.4924570982611	56.1126101484275	35.1612034629667	91.5306664994281	76.986801052275
ENSG00000102359	366.420993012805	3.60927743712936	1.82366610696392	34.5108399867513	2.79577775086349	17.2336222667294
ENSG00000130287	228.124484722574	38.1331714859282	26.4061100601885	23.670287932984	10.22702654354	41.3706767115578
ENSG00000072778	395.549368713217	184.214205132976	133.542756106142	67.1915059310398	79.3813155161239	107.757756773053
ENSG00000169744	69.1052344713991	979.59256811874	217.837594810695	292.594590363864	130.764588098151	138.806862338827
ENSG00000184672	140.419592683838	2824.80053386681	825.369793597625	846.390138203058	286.42695824683	429.57799241701
ENSG00000184613	62.4224457888877	500.797743482259	97.6235442276667	254.426117959611	84.5069957272211	81.6067071452216
ENSG00000174482	90.7273838509886	1471.19931227052	561.452526875326	634.047432584177	185.802461897999	114.561684925003
ENSG00000118733	42.1543287711698	591.241211921575	98.6839893094879	309.897027550003	81.2228628758555	32.2109851965597
ENSG00000154146	1045.788503544	3143.99166317393	757.679165813395	1311.04281960365	1008.14877132639	1122.33142169148
ENSG00000185760	66.2156195092164	1014.10983977037	408.645109750482	723.296146491152	138.471634265577	85.8399352526812
ENSG00000112232	181.838710005712	2459.28586690501	1646.47263259992	981.220726621596	492.082460163416	551.912494600945
ENSG00000108684	55.5872931578236	605.473836439138	369.150307021563	890.659605932868	175.850108061697	196.86419032439
ENSG00000185518	20.5405080969265	173.611682005342	17.6457910382303	72.1806937509956	40.5779131876303	26.4664293239095
ENSG00000183662	317.443447464871	1181.40720603215	88.3417935483922	529.393696789607	167.786064579154	475.210275177979
ENSG00000171617	101.893730219293	553.473374026144	93.7046563946059	167.405262728495	114.52157283883	135.041137917365
ENSG00000133019	26.6061975181896	377.302646876368	194.296347392312	167.875244635635	54.0366943518305	35.5961824082606
ENSG00000145526	52.7120312876825	787.81262169422	475.871927459109	252.59118819893	108.6802671651	200.523980940588
ENSG00000119042	19.8745624989083	180.603379933675	11.341042641543	37.2885878301822	32.2219466522832	14.3236474678195
ENSG00000053108	19.6784912261157	304.530229740289	56.0059217611192	145.628159944094	42.2746174196501	22.8421975606354
ENSG00000146147	10.4280904911795	214.472103759097	15.0665488543892	201.698895323638	26.628061192739	17.2174445580547
ENSG00000145087	58.8366318078337	746.846869465741	322.957859443381	530.803804635197	132.189046402818	218.056954972164
ENSG00000157782	33.2433212491517	357.305409342418	81.3362970278354	69.7521928035398	39.178432813284	79.8457521812994
ENSG00000176788	226.614588941833	1494.69061470619	544.756019447119	552.92062982833	227.946473089196	665.498498941021
ENSG00000141668	25.3412107832765	290.157363224878	36.3752136342492	131.502775218603	46.1640741726702	38.1662076479918
ENSG00000149970	86.1009273201538	309.0191608274	93.552826077617	182.618254946653	55.7864390243062	85.932602443195
ENSG00000107295	148.656668064602	811.710969293199	336.880646517945	365.645051850681	157.158429950602	180.250659647013
ENSG00000136267	57.5484243658736	494.390738188374	187.411021577918	223.871393562776	70.6845826245776	117.747837545132
ENSG00000104888	45.8008740772998	239.036223872209	42.7718565133275	135.908313801143	54.6837327674852	61.081483078087
ENSG00000214548	40.5560732828846	373.102773170212	327.836521804839	528.607409920729	136.726752375372	132.582129852592
ENSG00000225206	19.9091715003323	310.344118420441	71.1753220084413	137.752497410244	44.6381910765764	29.7645756546839
ENSG00000048991	136.998411663653	746.121512925966	263.971576881736	351.802576476744	173.23580073891	181.641042621503
ENSG00000157168	23.1925593074484	407.496341313836	142.956877028952	137.068477461504	48.7023431176784	27.7116046879178
ENSG00000234423	38.3445870066023	536.843281462573	128.144874841102	104.592579891588	74.3759578227437	56.2479369965818
ENSG00000070808	61.4562132946842	345.36611151601	120.073734855396	132.880762745735	75.3541658509157	55.126897973514
ENSG00000070961	80.356604605527	415.685627901293	172.763937223114	327.127717830805	119.952501297345	153.436758525014
ENSG00000182732	47.4485701838784	412.141893538647	125.527033132388	91.4419481801804	40.9901415289033	180.194081576735
ENSG00000184611	50.7347357943903	656.577279446224	294.417258044472	279.306066446856	83.8530977050298	45.4403461382001
ENSG00000160145	66.9550261726743	313.865532463404	83.7982560532633	153.499255944339	44.1540334814471	47.0426950800477
ENSG00000112137	185.809019883147	993.338357268725	277.142827746118	539.946742192716	179.302546422045	144.626073106109
ENSG00000182674	25.0920468853924	508.008043509682	232.277972758789	250.95989949048	73.9296673818507	68.3571482874627
ENSG00000165379	72.2535895311078	594.291916070192	409.962780970147	319.433234222647	102.792339316873	249.497596510602
ENSG00000116106	60.4067227578807	229.713144577304	53.7375544190248	75.7283139555719	29.7979425837332	24.1027129447637
ENSG00000166206	34.7592094046918	274.651936935326	128.004074321574	89.8745771595272	39.6981406786133	79.8971930566641
ENSG00000157445	244.772070081612	735.95790779173	414.377205077917	349.985734854935	116.719430647327	338.788430800825
ENSG00000144331	32.7679668343832	502.638264968361	386.120524196163	323.193041593441	69.8196790935038	43.7473866006595
ENSG00000066248	32.0221290948681	238.969669778294	40.1052340611993	34.9387212862878	40.0979154691323	35.5656350340975
ENSG00000198626	25.8631543967405	382.941140293569	203.94731503748	174.687710264265	72.2482945674005	25.9581523946649
ENSG00000186094	179.285036606628	705.02878467227	451.919439926593	591.392405626624	136.335441355071	141.351020444908
ENSG00000130558	91.9722170161045	301.117376164437	117.939025312231	181.546075411105	80.1899921991031	122.538235868874
ENSG00000081803	99.4272699736861	369.125853736271	34.6025321351158	51.4701112194157	46.2138995416968	115.167177596918
ENSG00000125851	22.1409075870931	221.779678962438	77.5532462785535	184.733922777343	31.4900900969444	39.0289645318119
ENSG00000152413	29.3974208459907	325.221248982396	108.456142449991	119.514953168288	45.1831121205523	65.803218182825
ENSG00000189212	9.6118201100094	197.782733978737	73.3197648746948	98.7931202715513	17.874230933309	15.9387287620875
ENSG00000183780	46.8856087342074	699.726938480845	303.815226340839	332.51383353745	120.182566326947	355.674413025081
ENSG00000154162	79.9241157746525	707.347377913057	637.345719842548	398.977845718887	125.200638475481	90.8985420195522
ENSG00000135426	37.6075335086874	295.89628019426	34.1846766209403	81.3150936205246	50.5038936726464	46.2285816615925
ENSG00000143013	98.5770093671163	314.198661547683	90.5690595036082	196.143213996362	104.04082926809	122.165561708168
ENSG00000128656	532.224900892407	1395.97104959834	373.938661037566	410.992099620937	434.612303228713	505.197437786735
ENSG00000216863	15.2187213896795	234.55591800099	16.3567592001606	160.438757803837	28.7518189734824	10.6450546139388
ENSG00000148408	60.5434050341691	313.24100227597	233.344090528348	132.115459777512	48.3859476591461	29.1809329364812
ENSG00000236451	31.294386013297	542.89722270495	36.5338555115109	79.2644705030332	50.300497989024	25.8806497787607
ENSG00000183454	23.64439860884	273.4886139649	262.891664178381	112.472738188915	53.7031856274299	28.0826645482495
ENSG00000167281	18.9074493955843	194.662282538875	99.5811957223897	115.882038614482	24.5870619718735	25.7543620888112
ENSG00000198010	27.3012331156395	483.062092676029	281.901029713739	75.6331967502334	30.0231081895596	27.0192377465434
ENSG00000184999	18.3648449884506	245.530758857905	33.4379312190207	127.69010795098	37.2397596415016	22.5627885369027
ENSG00000187672	54.6156944065957	601.585486433275	424.604090029831	339.948957509731	113.775549436711	229.907740631098
ENSG00000182230	12.9472359469138	199.46156595249	80.8251317371993	37.9430165700748	11.6805304640032	11.951526951522
ENSG00000112290	69.2796269502959	406.391264271064	156.900425010762	225.611969876578	187.510355295541	154.069721671034
ENSG00000196872	21.552125810038	230.589091038105	40.8949103284336	191.060225286907	34.2394137531183	32.0255446959132
ENSG00000117069	87.5783475874283	610.351864932827	541.957803797902	306.719846450395	99.9091039808143	58.1736982746279
ENSG00000133083	57.7154003115295	370.319450713988	242.333403963436	108.014727838881	54.805412450179	37.9976125742076
ENSG00000134343	10.6251407725388	166.47307580116	12.2137734905188	74.2924264442066	19.7752258990947	48.5144544034587
ENSG00000196353	33.8860208282305	249.361860679166	42.4803886934346	139.869046207391	30.9027620073661	40.0516551239895
ENSG00000175806	233.118685100871	714.149444727842	383.331129793132	314.163071940902	154.825989147931	324.325648483986
ENSG00000136854	84.0402164885015	338.521375698315	227.430695200466	86.022809566976	103.868959222857	126.510934614238
ENSG00000154556	17.3568803238125	203.556422324779	113.862071627307	53.7321195442259	29.5471206205623	90.8164112527738
ENSG00000106089	40.8751215556643	387.916763920832	134.346311246335	66.3864086828816	46.6099227092237	51.0019590421986
ENSG00000236922	19.6463988015809	226.546878404303	25.3726065133619	201.931477856751	33.2628699906704	20.1676390054931
ENSG00000184349	269.739757852457	491.494809491371	217.996016039976	186.284709477846	78.1647756290278	35.228286350873
ENSG00000110427	17.8673537799633	123.756518334898	50.0939507216149	39.8059761756586	21.6774532499706	24.974729399792
ENSG00000175874	35.4555076700101	176.839695346553	73.6181841708742	45.7184162733579	62.654617620097	46.9777974766523
ENSG00000237517	13.7694758237788	125.694597319666	46.0628589184682	43.8891885545796	17.1850742666754	13.0658281351325
ENSG00000182348	64.1945237589885	449.934689408263	254.303091436606	244.205628012973	68.7711597474586	45.5632015742195
ENSG00000134504	54.5828210183051	193.003959671768	50.637593775517	99.2570879618954	54.7977469808471	52.9549692821749
ENSG00000144218	32.749787841538	197.842156746938	131.022820522961	102.65735302018	47.8194989159233	80.5926654116727
ENSG00000150995	22.4294923472747	119.711873267485	68.764633998578	69.7121644028615	20.1940649413798	22.3965640381818
ENSG00000153707	238.911376943459	2220.16443188288	637.654866530486	895.275867788492	1246.15800484373	630.10784732892
ENSG00000182901	805.450662022554	3742.17089038162	2408.25413821906	1426.48375057728	497.343340555985	1720.57720255775
ENSG00000139174	18.3417585735793	235.530307384003	126.303713019651	48.1778447095813	32.1994482775941	130.933717593278
ENSG00000172020	268.337203472837	1110.26546821799	529.487856518777	626.519743851478	309.819150649274	341.443086460826
ENSG00000136531	26.1444788635967	184.199193922647	153.147717264281	151.226839571842	47.2289767462091	105.573521766979
ENSG00000163032	235.6917128703	692.472367866391	554.686308469099	426.411004897611	290.171533514092	270.265142469506
ENSG00000233723	19.3577080803117	254.189901597795	166.760620195951	59.047448763459	87.2993723130899	71.4478852890107
ENSG00000052126	72.8562968167392	315.859540738799	208.429310370902	221.256310639698	62.2079473050867	85.7410024377475
ENSG00000153233	17.2554274492805	268.378263387257	173.472977515432	127.143786991252	37.3379326540835	20.146368943711
ENSG00000128989	153.762699339472	413.395311889334	125.627636725575	200.848398801021	174.514950488288	160.657276996206
ENSG00000112541	12.5047567138722	180.904973878557	140.357503911938	99.2731645877396	44.8580291066091	32.5408028926189
ENSG00000185666	52.7045730748635	376.310547957037	182.799562042547	180.135934802264	59.9938436002094	166.069273836449
ENSG00000138814	472.150650767716	1107.13338260107	501.917442165046	705.443143868833	294.635180828386	487.766769428033
ENSG00000157680	15.6367704577204	193.032983912707	121.368503835872	68.3247603159144	38.8876041256299	108.616230723999
ENSG00000158258	16.5334681503019	157.131149305109	47.8646591227433	50.2524611777565	31.2112406579043	46.3282894967356
ENSG00000114948	53.6581367050808	245.655457977023	139.068323316578	50.9089980306041	51.5527309924056	104.62272292729
ENSG00000157087	81.1657317738451	206.701807270119	159.596110563518	80.3951491280149	49.4983305722971	62.0731221238084
ENSG00000151789	23.1059843894793	66.8079477876384	817.113173707908	159.31628767742	37.2853419964148	77.5175802104149
ENSG00000155974	35.5917039600564	107.649802552549	710.261048449954	128.130556739773	41.8662384968858	48.2343550872747
ENSG00000166006	39.2666406788232	221.643453867949	1046.0797239869	192.497650177357	57.1799771156502	34.0142540757327
ENSG00000136750	9.56502343148467	7.6157880602054	385.563963070594	39.9031587346812	14.726371000208	12.7733177858371
ENSG00000173482	107.897556295781	31.7506232260549	362.875087791723	66.0377123948503	33.4363722931552	116.371272980845
ENSG00000128739	56.0558985601565	232.07925820866	841.135257256437	279.964608045999	56.7009396543742	58.0730425723041
ENSG00000107105	28.9196918106065	151.448759605019	501.4843684698	158.991574102388	31.3417201767358	31.1474123601972
ENSG00000156299	41.3465267709351	54.2885946057376	312.811333968978	224.125249471724	63.5485937583999	115.866997718236
ENSG00000120549	25.6141477898962	217.248072880285	774.270195578881	180.869744903621	46.9306126123905	178.224657586405
ENSG00000218336	25.5768411054103	98.700018942215	375.765576212839	136.384627985025	37.0132605841954	20.4318512321171
ENSG00000169282	41.0335925019236	120.311546441129	495.022732074707	83.4868189755386	131.403186385009	175.009217921202
ENSG00000157005	156.623844561695	99.0431695682672	5285.85916064477	1851.29994699155	164.260236702297	330.171662844784
ENSG00000145730	50.1511462492654	111.422227410099	382.462002881903	194.003510158396	25.6952813530261	100.427907966357
ENSG00000152932	21.4803976666901	92.7772145788209	272.113881811046	143.876177972935	30.1675305942386	92.0034459269256
ENSG00000149972	50.5074476228558	411.132062875402	1199.2244187594	278.300751592601	80.4853114014739	151.044349513647
ENSG00000244694	6.45486111241734	65.4027778358078	372.127615420377	142.06973571521	17.9033463389272	12.1273733013225
ENSG00000163630	42.5566817914184	185.558510026447	764.83758288377	154.77588842543	64.7829713179882	57.9676385335444
ENSG00000231764	2.97896182100879	2.13323158059964	99.2078650387	39.3057988762711	5.17436555537675	4.71828680792299
ENSG00000006128	26.2442118479021	14.2208373460187	723.298261376705	86.5695647125288	15.1951310527157	23.2777479378509
ENSG00000151136	10.1793639511955	6.79840280388479	180.752529639244	30.9395516488997	7.51938609621436	16.2425534756361
ENSG00000004848	68.9138692195259	4.08241166909932	301.810399721629	0	7.67315914933326	28.3791498801219
ENSG00000107242	66.3078551840013	73.4989621347455	286.061859217025	299.103302886395	37.2436859336934	81.06438868219
ENSG00000145147	13.4071614413213	107.042617224817	372.567341143513	126.21756963853	67.0311129064798	23.5954954973697
ENSG00000113319	25.1952098514695	120.001864292727	265.334993020594	61.0888948522722	171.768349461137	31.3858392784586
ENSG00000029534	4.37489248729405	4.75663902458026	96.0186821673707	15.1350438167659	4.0870461549185	9.01141660806252
ENSG00000198785	7.94594556820816	20.5914476585383	162.069320953359	70.4410397266827	8.69568012352467	10.4368434471466
ENSG00000175352	12.0177230096627	30.3194973508677	223.329531730849	39.6418477267171	12.310553757218	18.2731248840979
ENSG00000168843	48.2009516036739	179.545909197275	473.554569742103	198.390606564361	66.348252471908	42.2073355166027
ENSG00000170396	19.6387558461922	135.492218758222	624.36774399003	174.09814462852	49.8340137543489	209.991385134397
ENSG00000168993	86.2560065627935	220.397543920337	563.369863428174	67.5944326622227	83.9642897287173	110.35132308479
ENSG00000159164	53.2677843777774	170.0849546492	339.777861199756	67.7625780171038	82.3433049010539	109.324348524036
ENSG00000144596	1.57526178985007	2.50053049394359	78.6319064004264	0	2.07406068735737	2.41392132701862
ENSG00000188042	30.1499925053351	46.5322582529446	225.983723316975	142.549634592671	20.3467782556404	39.1125165592739
ENSG00000188158	19.3788339767979	13.9413357121399	106.177255637553	24.1114287240245	6.72805052240318	8.64445084710121
ENSG00000129682	5.69811450652463	16.0465919853418	117.822408567179	23.7712713691648	8.13093728717053	15.370932684529
ENSG00000080224	275.300097108698	305.719601256024	608.039957836918	116.912259068136	71.5605335487271	62.8732304816346
ENSG00000164512	13.5383148622479	23.4736857212917	247.242081939541	82.2977533621623	8.88942828337661	52.6883279464137
ENSG00000241684	28.2021305132375	46.0065919352617	177.413841977185	33.9000286595522	15.5623380999392	44.2748062863423
ENSG00000168032	36.9833081491042	54.1076013030662	237.132836406347	24.2857857618506	29.5114489481935	22.3893295385248
ENSG00000137968	19.9398532975093	198.058307157443	361.526919718563	181.632539647687	48.3471152319507	187.383416053627
ENSG00000154127	9.33505625869482	16.4882533012979	99.6288949253956	90.6910099751717	10.0409303545975	20.5538857134383
ENSG00000105409	53.318244402236	124.82768134317	250.218161798497	79.7751552993237	58.1644039695457	77.2228607887472
ENSG00000203727	5.46979746491454	25.0250619407622	152.754992592768	38.7919315294116	10.4753191677923	11.4241967275457
ENSG00000087460	85.9902533993752	115.911681590342	234.798136991424	177.922552820585	83.8319135962622	116.658366113245
ENSG00000144642	63.9055551288927	5.5718944739274	86.6469872986804	55.2706940696029	12.3666118974105	43.0688137415189
ENSG00000169855	71.5223171963997	170.859963836494	442.631964606151	150.292724760694	190.748739040676	150.968847157862
ENSG00000163873	5.01447690318608	30.9770415331555	104.308114024953	16.1649033900954	6.76597939984132	52.159099721091
ENSG00000124191	16.4461631916429	32.3573836945808	210.659306302829	50.7115538868304	17.8023006065946	71.1012883246835
ENSG00000198794	74.4871249275043	215.995803087148	347.389494312724	83.8514971153573	96.459782823143	117.887998351254
ENSG00000035862	39.8898064723396	37.3033291833867	177.518033715004	232.122617684721	160.622800328915	103.654487431706
ENSG00000204103	6.4526307062279	4.32545533463368	160.22510527171	24.0853725578035	8.45517460286684	6.4763318754292
ENSG00000127152	3.8141189027573	27.0258342816964	106.594244862466	0	3.65224792202765	17.5841509201887
ENSG00000132821	54.7035589242499	172.397585941243	387.241549576337	41.7160128068541	31.5418152106947	64.0974084542588
ENSG00000114805	77.2700716090106	54.7737877697619	156.932066029519	68.3577324037032	16.9209579568038	16.6302080027601
ENSG00000144227	18.6208821175671	48.4175758820349	541.401549652715	77.6821949511666	20.977191742854	17.9040147093954
ENSG00000077044	20.7558595714316	8.96796281894697	82.5001586709896	75.2732598298685	47.8806387397224	24.7381163224485
ENSG00000151812	19.0238867804889	15.1690082034642	161.828383596581	57.8219356759155	23.4212324789318	12.5862971329728
ENSG00000182836	5.81294217717473	27.7273150013872	129.219949590638	158.559699434667	10.847034240232	8.12099490117016
ENSG00000107742	82.7960858057475	70.3238208919389	167.124943571198	24.8810074862619	28.5550386001828	56.3894243153577
ENSG00000183044	41.5084876586249	44.476767091102	110.945178137289	33.547483205512	21.9683554413772	76.0308145171561
ENSG00000112182	63.9383886783674	54.8809676257279	161.805486593761	83.5087564772402	124.4792474335	103.612517579428
ENSG00000140396	121.712540916874	72.967174499121	174.012597434809	105.962666881324	93.5458051888095	133.694976785678
ENSG00000106852	2.00470424369403	2.13274216398391	92.4927125599233	0	3.83924942823285	4.91519401729748
ENSG00000170011	81.8308528095729	226.266022736859	323.180356963446	264.42638158786	92.4511138541669	134.719173351486
ENSG00000188517	15.4148588509701	16.2073378379189	147.63347237874	24.5668627953186	7.6291016294919	21.2329289128408
ENSG00000124831	33.1138532688146	84.111246249711	146.395359028896	109.868641745907	22.9933006341637	87.5728621329058
ENSG00000101460	360.340240409028	658.114635687838	836.837573577117	417.420557206382	546.064159539066	311.779143775983
ENSG00000133107	6.57676479966894	31.8839577995243	167.169152199516	38.8688081277656	10.4960788173519	7.46532836872135
ENSG00000240694	51.6357769884984	142.982333268462	226.195469669877	73.2404275753963	45.8843639140341	59.0810021150689
ENSG00000174938	60.8394082342449	167.515747609183	270.851146574591	198.83617783121	97.1851346506161	91.6546154466373
ENSG00000082805	94.601047700815	109.815285300865	203.403298615783	175.75855855608	71.6833766130622	102.43511233913
ENSG00000129159	22.2452509512612	46.8232957166164	102.966290871387	8.30335999681236	13.4533666206965	27.4302651694849
ENSG00000186732	10.2937309675858	85.2631708165354	159.914795130728	28.0782233597757	25.0212743014919	10.7856745543629
ENSG00000114631	55.8756742558028	122.980207269746	297.86138559171	74.7682242347916	78.7421978797635	186.684435167499
ENSG00000183783	316.201763114754	265.027229503939	642.726600022783	211.557575303399	752.466762863566	495.71961436879
ENSG00000167549	22.1340504373646	163.091865452188	232.417848937262	18.9126750957249	24.0036164900179	21.0682589197807
ENSG00000084234	66.6545461934864	114.057490421228	180.892970782225	153.550310997286	63.9738187372461	96.9009841874762
ENSG00000103460	6.18410017500177	8.40830647129201	99.8566241377068	16.2436233529372	38.1617272326172	54.9089665983233
ENSG00000144645	5.00332397814939	37.1678886519729	73.3202298537978	27.2951466561881	8.29208631518629	13.3682113837186
ENSG00000171208	9.39587541181595	75.6103074574018	148.931675718883	87.391171328568	20.059141672461	73.4333446508865
ENSG00000130643	30.6260199142945	129.725950724475	251.072171005266	54.3001123512473	25.6604717598633	34.4161558500205
ENSG00000268297	22.516285043311	308.9062093011	662.933140770277	0	20.2924190468804	25.2576943141739
ENSG00000184524	303.973462513504	447.256355674991	619.788427797919	148.674958924125	203.416426224944	298.877975082129
ENSG00000133687	24.8789330261686	43.2480793838003	81.5010565610546	16.7508203925855	9.80063112446269	7.29241593930098
ENSG00000196284	161.388975114643	263.570781242016	410.964062321985	266.910350529618	192.909560031403	226.165027308885
ENSG00000188107	10.463217333783	14.6666607588804	63.7520338608801	4.7874440005054	9.17884244673259	11.2178913486753
ENSG00000101438	7.61039937361329	4.3266118734932	146.520542789191	0	4.28671439655836	9.75655191623101
ENSG00000196628	134.022656160626	108.51824938908	229.48239011689	93.1528551734881	112.028998227946	157.188560992844
ENSG00000172348	71.08771978288	345.510057022252	412.351169741287	176.124286828938	363.24222766535	168.290664124574
ENSG00000157193	16.4005053513549	16.0071711293818	64.7377961520131	23.8998837264459	6.45389131803932	9.79269433900511
ENSG00000247556	50.1001738815361	53.1896508894859	102.152035726014	58.0363782685745	35.0009401752543	37.1558105308214
ENSG00000171132	65.7097052473316	205.606842966987	258.897270561829	82.4804895928817	80.6279578954445	116.910975339974
ENSG00000248485	34.7956966073309	50.1374555890234	301.913502012824	114.777625124476	32.5441095493772	72.7476328009563
ENSG00000142149	10.5588502465547	20.8072906217632	72.7781690558575	0	5.58751048930711	21.5737548837349
ENSG00000105649	242.123282576004	565.710230761855	702.056837051272	359.611305120472	258.552542187666	281.454787890382
ENSG00000168952	119.987028559722	48.5324263886413	147.451428798525	30.3911004420332	123.64867463114	94.1712259984447
ENSG00000115840	154.710577577303	278.700985129137	373.353347405917	158.09957262261	81.5436078791864	173.689840512195
ENSG00000100362	44.9947275907509	18.9105999361052	518.212960954869	77.8301610367878	42.0342965971094	38.8659214548717
ENSG00000109452	76.1255026723969	79.810273453224	133.950098836046	69.2899052542589	27.9104997012178	42.3642747543305
ENSG00000198825	92.4034585789725	93.3496689397423	170.182632889739	64.7556807358377	55.6071776298528	72.1362494392809
ENSG00000077420	11.2885847705948	8.37070230781367	15.3072106490246	2504.40683969167	11.6409977388378	22.8676078353108
ENSG00000112799	13.7835406611881	118.343690987702	15.3054805645599	3323.60855145135	15.8382816125472	37.5498873091785
ENSG00000146090	22.182143856364	73.1816309584089	58.3376067719091	2511.5406575701	104.340452546016	53.008621733322
ENSG00000107099	6.35338827226676	4.0585089822245	4.59497530994354	699.59060885505	4.00246766422708	11.387008774838
ENSG00000169313	45.8690134192439	26.5169450421963	23.4880259433054	2461.76087625773	15.4321718276101	72.6112613765654
ENSG00000136250	12.4750860320406	27.6455964877881	26.9304509095993	1420.23413515848	82.3620726058746	54.5553861315917
ENSG00000042980	3.57360880964437	7.15501280867687	4.15634392809487	506.882344897912	4.48392801364738	5.37126823492217
ENSG00000019582	18.8190351640443	6.37179174982788	10.548956375291	2001.97556184451	11.7825407389825	38.4508959116978
ENSG00000125730	5.39623630784556	2.45682600034445	3.86027817625238	598.585712584805	5.56469884705969	5.65412568272213
ENSG00000168918	7.56610159643978	6.48402393846512	4.80877006863367	593.072820249224	4.57578738443364	6.50905084930905
ENSG00000095585	17.3397318632402	11.8808461978873	9.84596749040258	1162.66122916788	15.0943951528608	12.0241827925205
ENSG00000182578	6.0400326112277	3.5531298656884	6.70695607267027	809.125436521061	8.14001375570115	5.48486414510308
ENSG00000059377	14.1488451513635	4.10247774088268	5.35606396091958	820.995878262401	7.74192514266646	11.0128771709522
ENSG00000139679	50.353670621507	27.9761680287497	23.9471984835954	920.96637197395	19.7942093566195	51.2606051316376
ENSG00000104043	2.75848485233022	13.329995995841	15.1091769605968	391.264781567868	8.33061628075481	5.49159755104495
ENSG00000175899	12.2739147792485	9.29031904755739	7.29060167963634	524.841546465181	9.67894987433441	22.1276121643374
ENSG00000137491	3.00572002516026	3.88660475935376	3.05946960063094	386.857480952829	2.98475586888952	5.7621718676359
ENSG00000196782	31.8806297574749	46.6251420272898	61.9285893051272	664.309061330826	77.7352739764713	17.9074191617075
ENSG00000150782	16.6619299743008	29.499709945989	47.2888680616547	746.316612681527	13.4356199168843	20.3066589968815
ENSG00000159216	14.3538574457053	21.8460555958928	13.9566936889447	225.634504354114	10.910725824696	14.915797023854
ENSG00000054611	115.55560331397	92.8444015677664	105.625093954426	861.037341291274	154.870482241373	108.08433037924
ENSG00000163219	3.59302420903899	9.5483479134462	2.72828893739316	419.700428188107	3.23815197556602	6.90939966041231
ENSG00000204287	9.90261249377236	4.45144217245954	4.49837639717768	1596.12634938725	8.62031473182908	34.3346782083301
ENSG00000137841	1.72453659755491	7.18837711856918	4.96147455688713	233.490483110363	2.70220478124275	1.70839215186249
ENSG00000087253	5.4215136408975	3.96897457994902	10.2557418599453	461.394018244703	40.3447879692649	8.01777671755602
ENSG00000168329	6.30535704117827	2.97611654261193	3.80710742962233	648.407223959012	5.43398225502988	13.741923191452
ENSG00000151702	2.11509544654062	1.55294382735206	2.28992239503905	280.005718854817	3.24052947334544	1.53654947579409
ENSG00000134186	95.6786714199732	58.726451065114	72.0936284890638	814.828400746154	198.03161393223	103.613675636425
ENSG00000196126	11.4876932443093	17.2794408925368	6.25541094086057	940.049874485742	1.69233172649405	9.62935760443965
ENSG00000081237	2.75308565111774	1.95948989900588	3.32456759175	234.299373805645	1.31812242942793	5.25007622824783
ENSG00000165025	1.99054433656007	1.92214893784329	2.48662649210589	376.452986204809	2.54142100347207	12.653086786947
ENSG00000065243	133.658576108491	109.562888277049	119.034896572554	533.199232853157	136.625176738539	132.903843567032
ENSG00000162511	3.51956016883118	2.63686620978333	8.64684854191759	574.098469468059	2.02211414601244	10.5469995019916
ENSG00000075884	10.119678671151	39.3690765814322	13.9430496619223	369.399253274177	9.97520599214627	32.8390568129709
ENSG00000198771	7.65784399658316	15.3547790666925	5.03490887407085	314.424050358482	4.63127087376337	7.13697403421043
ENSG00000155307	11.6357614316221	8.14546194786481	10.2960629433666	593.120349964792	9.05282657858226	15.8493938986296
ENSG00000146192	1.02003894890115	0.585899378368558	0.707917993064256	192.910402097674	0.434110469430165	2.16132527326953
ENSG00000109794	15.2374426887692	17.0908245877118	22.4372830644968	313.229854690024	2.1146038437603	20.4545419102356
ENSG00000107719	11.3839033956948	9.11640194504837	4.95101214881466	340.880727263209	9.68957440767616	19.9859378248897
ENSG00000128815	0.841835183573443	1.64614194359059	1.26196415584178	155.228185001776	0.967329297785613	3.21072385349668
ENSG00000251003	34.3660478771675	61.2470264537012	66.3474946244372	775.488048287922	15.9551781028341	83.6923019267023
ENSG00000139083	72.8028109789501	62.5976012019238	95.0837025597076	462.030637956903	38.6774941126759	97.1700857683907
ENSG00000173369	6.47766145751278	3.12754402441085	3.89615777894215	1378.19179599809	11.027110912421	19.6075613931751
ENSG00000142583	6.71445629340174	4.07598922872027	4.94666820308198	256.410436405374	2.96745930705725	3.28316062353672
ENSG00000140548	61.1636239485689	19.6938220566355	20.7056547293105	430.462600547874	38.8962013183341	38.7944500246935
ENSG00000121895	10.3446494860783	7.04261473030289	7.49144130677521	574.156925681222	6.8908682946081	7.35168753875252
ENSG00000110934	4.59772169286914	5.98504187503969	4.18801460086367	326.071497610483	2.75162166003522	7.82835555872151
ENSG00000198286	6.60977437442828	7.94164496998016	6.82991218437005	347.234625403132	6.5636728274645	4.00149213390354
ENSG00000005020	18.787565205576	66.718848687615	43.1148732946885	355.311604733162	27.5850071418531	20.4728516024826
ENSG00000142347	9.70361262547646	7.82532453496343	4.71408801388444	191.161799037724	7.48505456948527	6.97593462010517
ENSG00000129534	13.0901734317677	33.3168594074296	7.75400134169507	248.433874029427	15.5358760222916	13.0589496088369
ENSG00000241743	39.4148249249107	47.9423660351962	87.8556141420617	3288.59835366709	44.4024259828621	486.350371401699
ENSG00000163565	37.002584034153	4.85958404100402	4.62243437866388	493.973065892722	42.9354852377917	54.5530210185784
ENSG00000163694	4.45061235675162	5.26433179401072	4.66123896336763	181.731239780421	5.68230484195475	7.71565802434385
ENSG00000079263	9.08301253459593	7.29993404914378	7.39253066107307	278.164047417398	9.48821456688604	8.99798087867381
ENSG00000012779	5.25178766425753	6.75835171979234	6.3033549515412	350.548714589286	6.50799096108061	14.3072117543712
ENSG00000204389	125.300877891397	31.118100982253	47.7314633417806	1086.11159078723	238.188704438715	77.1201793483234
ENSG00000114450	23.9141981370573	19.9291462013204	25.3725053930363	255.561722807363	14.4296839064704	24.9884225197797
ENSG00000153814	128.702610864334	356.426766706159	354.260196267286	752.164615989852	277.222459833548	341.248145035742
ENSG00000011600	19.0568467355347	5.04470009320864	10.5805251532294	2072.32457446353	19.4646136392348	27.6883843796898
ENSG00000101096	13.0722394317983	3.99043843691544	2.77959053265143	167.664539525303	5.32657632476043	4.16737585922286
ENSG00000173391	9.04654758999277	12.5105112433038	5.33664106436519	374.256907831463	10.1063814193246	12.3225537941014
ENSG00000027697	59.1614655403903	60.9790336329382	86.9697767855744	540.361094712821	78.1092384257838	72.0385313744816
ENSG00000120254	83.7663731797441	131.929448468798	117.161457089607	423.175342821013	67.2456656873693	118.164357586127
ENSG00000197943	5.84053905416834	5.25090159227623	3.18310872072203	85.2790226029204	5.09919631125489	5.84967683931001
ENSG00000106799	20.035677369048	6.89992063711916	6.23971165943991	250.753221925946	13.5426101689986	37.6113365695325
ENSG00000165078	19.2451607394627	16.2569022415224	12.4214039972171	477.704955006589	11.9784582160865	9.17502883228864
ENSG00000125257	24.4638014937594	13.7241888524651	9.94141759089785	177.67852340538	5.64471306138443	23.2858285694776
ENSG00000184060	34.1081983785498	10.9582815629743	12.7953817519721	392.264011625411	24.7161663991003	14.2309066250145
ENSG00000067066	1.91776699831843	1.10154469432852	1.02673355713043	168.391456356341	4.02254027112138	2.48785114839699
ENSG00000139173	116.905260391596	235.051204438371	220.246087787397	522.638581380755	203.359238696917	189.810314081931
ENSG00000076641	24.5660382681396	22.4540484590142	18.6741997582192	185.343529639452	22.6225587011115	41.2936345787773
ENSG00000123095	61.5846362328	23.6382499201315	22.1196759010155	393.290707366747	58.6915045571342	45.3223715819903
ENSG00000079277	48.6909124848683	48.5785712113282	49.944798660114	232.911820203027	11.2117501146565	29.9524330342806
ENSG00000009950	8.37604153159637	58.0380988693224	54.2109631859253	322.473875946816	8.24972176204951	9.77934759827828
ENSG00000173068	13.8369729078288	2.89591684722766	2.84958821566303	143.998242210594	4.03252731173731	3.48273183082977
ENSG00000163466	39.8617811392106	78.3978097015844	58.0588984554965	273.983041747912	51.1175993363202	55.4928051157406
ENSG00000116711	6.01202086578433	24.6231025254995	11.6827398604962	312.674212165182	8.44341088168024	10.9188541879907
ENSG00000237152	8.29454706012142	18.7863138900135	24.7086898449627	814.50168526871	14.6631267199219	27.8110350303196
ENSG00000142185	6.18686711020311	51.3222020637299	58.0372181255556	268.139704690499	7.89906244777895	10.7682212256657
ENSG00000119535	1.50377790865211	1.6797109920705	1.53699418956836	155.124772264567	1.30905242101569	3.35182527125708
ENSG00000173372	18.1179874099895	3.80073583621474	4.52666807263163	1092.19211832285	12.1443427668535	19.7432111889769
ENSG00000033800	87.5776703235425	104.749241015786	84.5129265215861	250.26123607319	68.6041380291075	70.4973348301274
ENSG00000171943	12.7666015512654	40.10122760353	62.6117880148818	245.91392695251	33.5049737956032	48.948905212884
ENSG00000091592	24.9210031073756	53.8085860923961	40.8347305677591	140.371386629435	20.8481315687959	42.8915405475704
ENSG00000145685	17.0454897724068	14.015124059453	13.8347959898156	266.361213025487	8.2993628106365	39.3527714560277
ENSG00000164733	44.9876359437056	69.2344864381234	78.0332247394096	286.047845490618	35.6510593109571	50.7135796291975
ENSG00000101336	6.33543595979321	7.23147765991311	5.58659940658547	317.160423371128	2.85485196810898	5.07627842666127
ENSG00000143119	6.6479076881269	22.6203821351091	7.84332294892518	432.181903834086	6.36577087888917	10.5645163717939
ENSG00000204592	52.2894251771998	5.7167082159786	7.41917093181573	466.980966220727	11.868507274478	7.38628371540547
ENSG00000152315	10.0518191847967	21.497172013012	21.1184680977731	388.842200263095	11.3752606770528	13.6918621607933
ENSG00000109436	12.5451622266277	56.8400960064147	77.8444717955288	262.536149133552	13.3912581520329	31.9351638418165
ENSG00000114013	2.01393067161432	0.678979607376717	2.37607220124736	333.266346414442	1.92845957298128	1.82882061115487
ENSG00000100599	13.2708050129601	27.650179683151	15.7492390273179	122.351917327209	2.79567042322132	26.3917369884205
ENSG00000118308	11.8379747938733	41.701269872669	13.3001036334464	253.449642453583	5.5608465647465	10.3442333482854
ENSG00000204482	4.54657430665408	2.95213414171323	4.83823619512315	573.233978701462	1.93494131639478	15.1384815298205
ENSG00000078237	41.1673277941567	75.6788452619952	47.7763385793532	324.399612657468	52.560251782029	62.3057342847633
ENSG00000129084	101.232402238669	32.7696887714352	61.0503673412784	519.889442854035	17.3816464268568	74.176099716962
ENSG00000070756	59.1671245419151	106.11518714146	78.8604257283	326.74909778702	79.8757782558708	64.7387871941578
ENSG00000123560	399.836975069376	115.235834260199	150.153110144687	295.800710751859	5030.83723537369	469.481088574205
ENSG00000147488	58.031425359448	16.7132881485864	25.1645766777375	85.1503915205202	1092.66980220688	70.2148462387635
ENSG00000187147	151.427995362599	50.4154501238659	56.5667620035309	185.596853509838	1586.92812842076	109.208267279751
ENSG00000013297	124.170689577083	95.6195969912457	109.138327443462	94.8361544463512	1484.24899170422	134.78865715737
ENSG00000168314	44.4105471194129	16.1409155024624	21.6615548496766	115.013716374597	950.140291463892	44.1801640441867
ENSG00000197971	87.8388060688526	40.0930159805698	53.4086039284571	65.8514658248406	1159.41496576878	132.042469158961
ENSG00000091513	66.057357109654	23.4348598157399	25.7700333008194	66.7894551804309	876.794202486641	74.7683360333514
ENSG00000158865	101.564715602306	33.445362405297	42.1516968403179	47.86042113536	1544.43729590697	83.6499334387428
ENSG00000183230	132.655686698184	185.321708694959	170.886597616922	212.816846584967	1734.36769041306	281.330121936892
ENSG00000070214	135.849181643123	119.928596292125	81.2851539575452	134.278128637245	1246.62838716649	222.052733204054
ENSG00000164124	102.352221508714	21.323560784817	25.0737154584652	17.6829317512988	830.624168313377	50.2647674671648
ENSG00000204655	67.7825881926664	21.2586034951305	27.6245726184628	127.849920351419	1123.42444605244	99.2040764968023
ENSG00000136960	51.0308503171419	17.037831418135	19.4668926565335	72.8681846532565	689.358716150098	58.3142104890646
ENSG00000253877	278.882084930997	79.3280861681378	118.680568776603	760.707026090945	4228.72290334152	333.954316919928
ENSG00000134851	115.802871751162	68.5133597401193	88.4733901480396	81.1996712023265	850.142902858642	137.686828804205
ENSG00000172508	43.8972952104887	16.4287740185648	19.2946232767833	14.4129927845903	617.281429657551	39.3088379386879
ENSG00000167123	58.575611780294	22.1989928281137	28.6676526296453	67.4382481338729	623.906482706642	69.4254592494375
ENSG00000129538	154.558703754061	46.2610337082358	61.4917499534514	54.2640564997525	1988.4650566531	164.670966629973
ENSG00000115896	89.8776986830252	147.828234992845	138.74438187626	203.972717056351	843.282584483754	154.35332686193
ENSG00000099194	129.585846990493	25.8252375106533	31.7677209200164	76.2044657670899	734.228313928621	75.5227535802136
ENSG00000080822	85.9203097025308	56.7927910674539	63.737777128498	31.328989491519	709.797078536008	109.512947170139
ENSG00000135525	245.184566763376	276.950227446841	318.357648602169	180.036722794846	1469.44477185241	129.670163445135
ENSG00000073417	111.48972247617	52.2408737773317	99.7256087916032	155.443195070937	637.190578361648	120.216778451977
ENSG00000105695	69.3642583263472	18.7142951684222	24.6647534616979	0	895.556538930637	54.141934234499
ENSG00000117266	66.6315443879015	28.5621518578205	19.3869420484425	95.706829557754	561.472609135302	53.7670850166209
ENSG00000168297	86.304427289766	56.7746451200871	84.6911357556051	106.845663731862	698.229392578245	134.267848823653
ENSG00000112893	83.5822706203095	75.173366483204	50.3178522768516	76.0844993630892	520.367870653932	61.1095415303331
ENSG00000105290	179.653522862948	286.78610269622	208.546173453401	201.174787143776	1273.01488101024	199.203384666023
ENSG00000184144	22.0761040162933	21.6984406652205	26.5300314020564	24.3364112830933	321.359582903303	29.9146690081937
ENSG00000140600	112.386473910886	407.627102101753	381.806886354563	340.203201677306	1340.61658259425	148.417520686448
ENSG00000167641	214.953444235238	63.6123155745415	78.6391716601881	54.4448161816304	1708.39591199644	242.600790919047
ENSG00000152910	47.1090033643879	86.8371055381297	133.984346870581	163.897207366886	732.309168307632	66.832079590949
ENSG00000151552	128.452325515818	147.826667692745	152.779116865243	160.290949503682	1030.89833816824	180.612625666012
ENSG00000106772	36.166746702146	70.0202370041373	37.7483841771897	83.6398087015153	317.257696767928	74.7523561740937
ENSG00000172005	257.034179659905	30.3373176737494	48.4108043292697	168.266991946384	1666.08141968639	150.818078609
ENSG00000176485	129.931185485298	38.3260688138035	29.0616756931067	26.3278573094804	781.338217755065	102.144403506372
ENSG00000150656	33.87712746929	9.82756399076024	13.4380925115632	22.7732113943506	420.328323956117	26.2435885109154
ENSG00000137941	86.6714475410544	221.154096568523	189.873610461541	155.025455920757	947.356481639206	146.194892754646
ENSG00000054690	25.4599848226684	11.7401220829175	17.2111310429133	22.6647875812038	314.382886239035	35.6954776021837
ENSG00000075539	56.7518606959092	32.8639933882986	49.034747858173	81.0373536577396	301.988354959731	58.280106056575
ENSG00000174607	38.7452717355825	12.3093785495989	16.440118605561	34.7825788842848	590.327371394923	132.942103688108
ENSG00000182168	124.235302495571	132.603122808865	200.283350305786	183.558264681989	717.081102828367	162.760926606665
ENSG00000107798	102.557402786827	152.353994393579	88.6360329610896	149.79532012172	539.340261836638	108.688187054592
ENSG00000078269	25.784849091737	73.8264491004203	17.0243966461074	65.8979289092851	304.961554613289	28.161090770609
ENSG00000170775	43.4831697839747	26.2050733970595	16.9948590797047	27.0511979770365	496.731012418671	33.2517241077506
ENSG00000197430	49.0152513226165	13.731948136124	17.9362949926136	105.338578356055	580.856762914813	53.4120284137983
ENSG00000108381	58.6584543532709	10.3378938837586	13.4423638152764	41.8799124130307	451.990755901357	27.348428344963
ENSG00000141338	21.9330299604127	4.99111890157423	6.52970762269321	29.0746843684523	259.092480136946	23.4537337578916
ENSG00000164161	30.7306516288435	31.2104367837301	29.7258951584244	20.3052018606826	186.428406723141	31.9792927963244
ENSG00000136541	31.47654903552	9.27571861195551	11.9055595063023	55.8081054554704	480.24159941018	23.5812950395087
ENSG00000155886	95.7305304077467	279.063812062965	332.160325203824	243.287134694955	1139.2256368417	181.942810563446
ENSG00000107331	36.5286572638089	27.3374001160747	27.2960365018945	7.09759154843036	252.994333348939	40.8959168713826
ENSG00000005893	105.721702430798	36.2134016148849	45.499321647892	59.1543026338235	452.062657757187	102.821186175817
ENSG00000188153	73.9806069573655	7.61744115073291	9.60971535217632	9.35244553543456	355.593408612764	28.3811485173654
ENSG00000084453	20.8054888758046	4.66127446341723	6.12279009615851	21.2816846584967	235.238810904136	15.2598569814801
ENSG00000176463	27.3572968561392	56.4742904292174	76.538352689658	60.6308090747632	336.341199957475	43.5857282305458
ENSG00000100142	30.435748915821	23.072272287849	27.3232821776881	0	323.718402471278	44.1320487540025
ENSG00000167552	255.319038716954	342.649024858048	257.375681615778	167.2176800995	1118.5595412797	383.564250816072
ENSG00000109654	166.801961108001	163.976173987908	164.826397849656	148.855499250687	633.453201611695	172.212079339144
ENSG00000065809	25.6104037451135	9.38460646494339	16.0648670308098	46.5716877553083	316.2902656755	33.0956864011258
ENSG00000028116	49.5861795071458	16.9512849242015	24.4767740125712	186.313295157885	608.143674121902	105.56344494944
ENSG00000124251	45.1066368137382	64.0666892572168	60.2940274990131	26.88212798968	482.737624982428	37.1743884360868
ENSG00000224101	261.887272562575	161.707118771809	178.117530070066	773.879442127152	2595.49839925617	499.413501212075
ENSG00000075651	14.5169335004746	9.09030045921508	8.88084471081349	108.038601330326	181.568940390889	15.3797143230408
ENSG00000122367	25.5453852445699	12.3625577772829	13.3684523247461	12.2411128053666	297.83213223259	23.98108141573
ENSG00000140479	17.1424352074356	14.9662241619561	18.9017166867367	43.4194826277336	210.378862816956	24.3032560958503
ENSG00000186417	21.9363583288696	13.3170159124515	20.0151723233885	80.0744237990468	308.284850252736	28.5618823681518
ENSG00000198121	50.7024842191357	12.8489754314599	34.4958446487105	176.844198556779	565.628614825013	43.7778056226845
ENSG00000116675	91.4684796663764	209.620208523835	207.690353070729	164.524499171812	611.519226486636	163.865245929563
ENSG00000160584	295.884653293775	164.613926366882	193.864094401445	179.608063931049	854.023737593194	266.772005252374
ENSG00000064651	32.956931712207	85.6995464096146	41.7103767960361	99.6231899992642	258.053292617335	53.5754918779645
ENSG00000080815	51.7824356766937	37.5457831243725	38.6389141826541	65.7256813822276	269.776766337535	61.2243985458109
ENSG00000086205	29.8321380565527	7.81132999452771	11.7949060344408	85.482917456723	482.449078882618	30.3737739081462
ENSG00000082996	211.757653787048	185.819461270368	156.95022939919	202.337007372117	622.882362091692	240.94321638355
ENSG00000165959	20.3291642442689	6.65861032079223	8.61799643507449	26.0243516618773	149.546895606301	14.195344953338
ENSG00000124920	17.6945557941155	4.59946992827961	6.33479222973336	7.65184167496509	183.486789078393	17.6357897699288
ENSG00000154678	24.178290991234	47.8971207411398	62.6298802923747	59.1286224503489	255.631843913504	59.0539288439552
ENSG00000144339	69.4996380745072	313.522636908106	315.953513895857	172.51257045247	761.665637487354	172.294645774009
ENSG00000015592	122.436672661313	187.600879147558	206.410017560843	173.664749125802	868.249405120621	281.13397717637
ENSG00000011426	16.8667252056269	7.96967811678476	10.614931218889	13.593091997443	271.628812840602	19.3195794119679
ENSG00000187514	375.914448549856	322.655083279268	362.782027026384	411.269501038088	1134.10473412095	502.750527905448
ENSG00000125703	158.580743308631	88.3019003447338	88.2511056526691	236.493576140722	581.857385371563	135.256867393036
ENSG00000120162	30.2424924319474	66.14608838946	62.2210870082316	46.1248308670113	305.782159032591	109.408089886368
ENSG00000123684	42.9543938813852	47.7425439914329	57.6402936917596	9.28760871560714	280.897447426984	63.147311341218
ENSG00000135049	87.2568729963501	206.257500821627	180.602966265307	99.2771845579598	477.194373395409	137.287071284516
ENSG00000249853	157.234463838739	112.205056638427	89.4414020491468	79.6507495990518	533.417681963318	107.086715659509
ENSG00000138593	82.1276560007707	116.451080650335	74.5196031738458	178.493127104715	320.403393678909	83.3599728428477
ENSG00000166086	47.7748493553888	70.556705870575	51.4068722010985	134.928457493606	387.839836241354	98.477007708144
ENSG00000122545	260.233783226337	178.330746944812	199.900652018728	206.387896678417	716.165197559445	170.756243250753
ENSG00000132702	36.5076233594593	25.6566023229505	28.9052298613827	0	498.278040652482	63.0355537961311
ENSG00000006831	59.0070608679609	35.0875737160843	39.5093873423431	83.4178316658325	307.104945111069	46.4627152734123
ENSG00000180776	71.7347484299496	86.6407628934814	97.962489462757	87.967351010363	457.275683514033	99.6830269988118
ENSG00000187764	35.3991694692633	28.6245793524363	15.75702466808	75.0269560841916	158.029362948243	27.9332975254211
ENSG00000001629	114.745559535131	135.02991707532	176.317848125001	171.924970032175	481.90581901672	175.670275040657
ENSG00000148541	87.0242913713043	78.277019282387	84.340949242508	48.4061419153723	319.92562703242	122.721906244409
ENSG00000198756	48.2074850683257	67.2094140726201	60.1545861013378	68.6064103164633	264.927226838785	115.517260709311
ENSG00000141540	85.3240914812244	9.13903978307465	11.6051136820212	60.816125833397	328.043470978093	46.722538850937
ENSG00000186231	270.752321847186	253.005931734867	231.536218050658	217.977293883341	726.146550756442	284.687147566368
ENSG00000167755	32.0732388462263	10.5729260776367	10.1987481069615	0	522.663293214058	17.4751398631177
ENSG00000038427	33.0983415610067	3.45766393545506	9.15588893822423	11.020385555745	4.31509787398686	426.500486601063
ENSG00000112902	22.9565399541501	19.0546225693294	15.6676524924433	47.2887231231206	23.1680311284804	416.237877886411
ENSG00000157890	11.3729637698115	13.6506281590057	12.3520741119083	8.31518814495596	4.49084365353733	280.762203803683
ENSG00000112280	6.36632043798524	4.79412833059301	10.2640386981926	11.5769470305464	1.8757335923062	323.745032093279
ENSG00000153823	119.888941660632	226.349410650197	193.556774347051	315.809066038096	49.8563743824217	861.312260541225
ENSG00000198732	23.2096021827029	7.09380382130509	7.90742291836223	18.7048910708691	96.474916257156	545.349157586844
ENSG00000148948	823.350897167044	889.131927914412	1200.28373352027	625.576630439454	281.824419492569	4658.35096382901
ENSG00000148516	157.858987183961	133.808059316678	121.482164899504	122.818693427995	32.9106674802224	522.953156578867
ENSG00000162631	23.7068452466362	88.3433112576463	86.3247193049986	17.8861171128534	14.2483293619552	255.929315100707
ENSG00000060718	61.7629366822711	53.438523231421	18.7518525675453	29.6630377817159	11.7482426060887	287.140103782187
ENSG00000139910	181.574480475099	216.82435333867	120.171637298284	89.48221779563	170.463591814278	857.131684085887
ENSG00000167526	197.527159953548	230.654274982173	283.449217439789	211.851378065139	287.828007118493	885.498376234834
ENSG00000140526	70.1741439868011	59.7515667386634	67.20822193792	39.4981484236961	32.2113954831885	263.696397601946
ENSG00000175928	73.5053207792893	60.4762420564519	47.6000804504355	19.1654946267887	32.6051679162616	376.19985128827
ENSG00000101311	5.80559954850418	4.75231291546004	3.7605385817048	15.2494250958439	2.88255346136177	237.824828343574
ENSG00000224184	19.6212755294561	35.1471407481185	12.0080498252834	63.2520658580706	15.3724498004135	402.52006650839
ENSG00000205927	28.876353203797	4.42987230006822	6.58473553763479	24.3799728784687	129.695618304178	480.427955564224
ENSG00000144230	7.76543316621338	2.00393934178772	3.05393330845458	0	6.60966101489553	515.947541820208
ENSG00000152527	23.0812290653015	8.53215370782651	14.4899404435779	16.6185397231575	31.8622959970972	177.785258010103
ENSG00000196562	8.65482949733611	17.922403724933	22.3443462320377	0	6.63001523613713	214.559503299765
ENSG00000147044	59.9736529207788	62.0527121086962	75.1936789726728	147.47000785297	43.1760772815783	249.845659154873
ENSG00000134369	58.7622179294639	41.5602269561788	64.3459021987951	32.7570935642295	63.1974688182836	197.972009973323
ENSG00000169302	7.55754937796319	3.65263617593014	9.81127362347395	0	3.68935280703796	180.453864304804
ENSG00000165246	103.771954114607	180.499751644578	141.679304708574	209.134176317472	112.41075296412	490.423675644489
ENSG00000064989	13.6911119705565	14.7116791495112	2.65529162333405	0	2.15507868295727	212.548007956329
ENSG00000152128	8.46784244029489	43.9267961478772	13.8926929295552	72.0649639229517	14.9195805823074	190.08499097112
ENSG00000061938	36.7203186455801	33.0284660298575	35.0409066966129	14.4678532510626	21.0971462959733	177.285193363919
ENSG00000114200	13.4597482069798	6.44261191853032	19.7722276423644	0	47.2578967258222	392.141684923174
ENSG00000162402	58.461613902421	31.610949414888	39.1385897670396	90.7398102282332	38.6397435195072	181.518490093529
ENSG00000226869	7.58344191691563	2.72713918130879	11.0522794007656	0	0	348.108089877904
ENSG00000072182	3.95075656894399	2.49948799155477	6.76327321175666	15.5660322073576	2.52205779582657	193.731670021206
ENSG00000179241	90.4212318557034	47.4962024624714	20.7662753023809	35.7253198201649	116.248948130039	314.260136656541
ENSG00000075461	11.5912236613495	13.5371094217167	68.8508892349088	0	6.52899577321966	340.850769973482
ENSG00000114646	94.2218341139012	34.5838109230022	50.7741614413459	18.7177437216279	38.4143022039548	326.427723977894
ENSG00000233635	314.424414436408	1183.89279478037	695.602594100158	249.151430148254	467.599511307021	1244.18346120778
ENSG00000134853	2.9600904214841	0.993533905397688	4.14153848322154	8.39721219570769	1.36054289232321	131.927740118204
ENSG00000065320	27.9816888434398	17.7314649252059	20.8228149692323	12.8030188138222	10.7176590493178	169.179802474116
ENSG00000136243	87.0958130464633	72.4302455179858	70.7761038273306	56.1532311648836	57.1160019611433	281.130484747482
ENSG00000224063	75.9330760392031	123.162431649078	49.8733035339264	166.55231471867	125.931554343242	727.212749629849
ENSG00000197965	37.8178706792865	28.7362911746562	27.5583091206358	92.484559726838	6.2436004282027	179.850627318456
ENSG00000106688	21.9047283504065	94.2342378006625	84.6117821580194	61.3219127728568	22.631021367003	291.303723068174
ENSG00000111962	75.2545675617024	65.7462686798957	67.5101502692806	125.367452031644	23.2142071936699	306.831049365573
ENSG00000101203	1.99505886515685	1.29016620668509	1.31171901503267	0	1.20656127465732	96.9727379530749
ENSG00000136235	4.25632773405931	2.13073488198808	2.33629577825212	27.4417962016881	0.370517221515823	170.240446110189
ENSG00000203805	58.0993613079998	26.3587646168218	38.7087179051256	45.7824476686987	97.6679244462248	464.28069068263
ENSG00000174945	30.4059677458188	15.3304941715649	13.6193890064315	0	17.6267054622025	143.279786805754
ENSG00000152492	21.788838934352	8.63122361787022	18.8760386093263	97.6894544636926	14.8686845711358	133.726892739247
ENSG00000196132	4.04639872051991	6.3525284701563	8.50132107623044	13.0441610676181	3.52242708914325	131.278961166863
ENSG00000156966	3.63311823208196	2.04145821695942	1.63892501421082	0	2.31928593940961	192.177284529172
ENSG00000188906	12.7510802741941	32.2434903477959	13.7907892815072	42.4843433806454	5.24453162147373	89.9903337179553
ENSG00000117501	9.92587626627143	2.2309498749993	3.63220507837891	0	4.608301897882	186.826126865777
ENSG00000150361	12.4978741786912	30.6080743723593	30.8782260283491	0	9.04208477052788	213.363726992371
ENSG00000196338	62.4188636651888	36.700372566961	33.4177937044453	0	56.7400047051596	239.78686899363
ENSG00000269834	79.4978961038508	22.8901665091976	19.2622784186839	0	70.5539605743549	230.155535242653
ENSG00000157734	6.1941085447434	2.42511218185289	1.9136495163995	42.5117057856566	45.5365472499464	162.21134603019
ENSG00000164434	116.159677346303	59.9696643868183	16.8854011389661	0	26.6951682017933	271.570475313478
ENSG00000235397	60.0360066849331	33.8069292975384	26.2090277482621	0	98.2860758667705	464.28069068263
ENSG00000139289	6.99750848487931	7.56426035367115	23.9051158645407	0	3.82887693628398	102.317742259195
ENSG00000112769	11.6474788695649	8.97991565000438	3.27484392572071	28.2407495770634	5.14761256383608	69.427876305496
ENSG00000088970	63.0702208168751	77.9084631513984	105.788589287958	109.862047939387	152.149300002692	226.078157699779
ENSG00000164574	22.9450777294725	9.08054722541636	6.76585067868187	46.7158931527976	29.2249694566888	87.332108334777
ENSG00000261227	26.2575845584212	58.1088586993683	12.1954230107534	71.6228475798661	17.4068406153674	401.681774356625
ENSG00000124766	5.1204758128796	10.8448615254837	9.0208425443317	13.9671285401858	3.77166394009271	124.472325130573
ENSG00000127252	25.6286603773811	68.6807782110563	69.3676063756398	0	22.6532137349691	459.194327645075
ENSG00000154080	24.8022384846625	14.6932034740487	20.1558912340126	21.2779905629128	3.25599806569347	75.1962402201929
ENSG00000117507	8.64000630869426	1.32869336567638	2.84033237390856	0	0.870876310713593	204.405345518078
ENSG00000095794	66.5218487035591	58.5941931692803	39.487414732902	71.698253280073	36.7864632879599	167.451808392768
ENSG00000169062	161.506225816656	112.326023528999	171.16483255789	141.58293327898	180.841418961836	273.562508880943
ENSG00000262801	135.318992650977	646.019260529105	775.507020530389	197.873290771494	133.583569694204	1254.14805216177
ENSG00000162512	32.7738932863084	21.2926181536123	20.9801168884925	0	9.3680511023698	110.606123416271
ENSG00000176728	361.095572480537	567.881531270507	531.675962193127	176.613672003825	226.880083439014	676.48689847948
ENSG00000106415	71.4646053290582	89.4908271486103	91.5747909699961	249.259992862915	64.4251147190991	223.412285219054
ENSG00000131094	17.7962007610089	8.26644321531272	128.200832611458	0	5.11227931586466	390.275261178857
ENSG00000120156	6.23515171304028	11.1394838333298	4.49369546440226	34.0152628880862	12.8596079079606	112.369893776512
ENSG00000139352	44.2835274802412	13.1661759263881	22.1279356754371	0	3.57087471091949	217.151362870992
ENSG00000204099	5.65216293097304	1.76749327617774	1.94427585802519	0	2.82380111496896	125.191916886724
ENSG00000132561	12.1330148488532	11.5805321979987	20.0706442453045	35.3620376843908	60.477730932665	107.310461161722
ENSG00000050405	32.8343707249579	19.8300270028103	38.4347583890565	12.9367847219609	76.5061461334915	122.247263328422
ENSG00000173452	9.58608661007125	51.2662922172888	17.9626872527379	39.9910296494383	9.71920975881292	165.138652922725
ENSG00000122550	56.7508904256743	70.0202320023073	76.1910114936633	69.3928693082031	41.8498834645719	157.713778030258
ENSG00000173273	71.1559497649224	76.4479076791022	78.3024868421736	120.975260881233	87.892451911163	150.474833903298
ENSG00000141314	57.7857853078487	32.2223586994178	14.5617316385322	15.1224406159562	13.8843855340193	116.179518099457
ENSG00000244405	42.699993078972	86.8964216298705	55.9053649452761	169.021032241214	29.6674327068533	162.314921357152
ENSG00000173546	2.36298769453324	1.49959758238795	0.636682143870745	0	0.798600930524093	65.1311627980869
ENSG00000165443	309.120398535136	169.055207100434	236.689553114142	219.628233563376	408.686741529922	451.739914746854
ENSG00000112309	64.4166896776917	88.3561290236268	95.5999200204462	12.4480836387856	24.8748274607418	124.801754932422
ENSG00000153291	126.164671453503	146.904483992693	130.317927743055	49.7090444578024	144.972300307549	259.688077098806
ENSG00000121005	22.8279462766409	17.2928042559011	17.0046483221509	0	1.45727530575495	108.485533988649
ENSG00000038295	3.98297048406788	30.873489659046	6.95308733198429	21.7287075481593	5.28083093382989	91.395686893295
ENSG00000116194	56.8871795116824	134.100988674143	137.194091000611	24.0145956769401	5.83638117606059	194.6414905022
ENSG00000138777	166.383387948651	168.877830112682	190.425468112584	122.91613313717	169.279717226326	286.66684488507
ENSG00000148200	103.034481687028	86.1613430553141	91.6008519582503	183.541087228809	75.2740790058427	174.936934289976
ENSG00000113296	62.0567626102675	14.1166650988827	17.7134763667366	35.4925815802941	32.1076304626129	137.019171854183
ENSG00000168137	123.780990299654	128.098653064592	131.366353409808	120.979524927649	101.070159402052	209.70403016952
ENSG00000206120	25.480315999433	156.556022871632	133.81172898088	70.1774745286623	34.1111294841292	213.636125710177
ENSG00000117906	61.5313543878931	48.2622945769262	66.5694454358263	24.4700077119355	46.0346660756346	114.049115757384
ENSG00000077943	4.59207226066151	25.5621411197947	35.5025951573215	10.8556946185743	7.62178730805717	91.32284229694
ENSG00000006468	40.1437021378156	27.5619976190204	22.3546602987865	25.495529041793	8.03224001634656	90.7538915323582
ENSG00000226091	12.6157245197016	66.0707315443757	43.4665647984394	0	9.74218864271695	112.528982438038
